1000
886 -499617 1802 -498839
8335 -499197 8828 -498810
-8579 -499331 -8551 -498968
-9941 -499280 -9014 -498516
-6574 -499420 -5837 -499247
5368 -499739 5798 -499171
-8470 -499158 -8346 -498295
-6942 -499908 -6774 -499838
8456 -499527 8499 -499515
7373 -499681 8293 -499259
8537 -499116 8862 -498917
-5630 -499575 -5103 -499161
-1020 -499789 -146 -498832
9170 -499008 9452 -498011
-9075 -499555 -8747 -499470
-3495 -499514 -2765 -498667
364 -499406 1115 -499362
-3192 -499743 -3013 -499466
3584 -499032 4236 -498628
2399 -499056 2460 -498123
3368 -499124 3381 -498384
8586 -499564 9126 -499469
-9430 -498985 -9051 -498550
-9720 -499469 -9278 -499182
-311 -498895 309 -498450
-5271 -499310 -5153 -499278
-4229 -499643 -3553 -499161
2353 -499233 3319 -498646
-5317 -499414 -4692 -499194
19 -499207 388 -498936
-3285 -498992 -3135 -498651
3451 -498844 4007 -497922
7488 -499301 7717 -498536
-2236 -499636 -1321 -499511
5856 -498673 6348 -497929
-1635 -499423 -698 -498563
5407 -499365 5529 -498890
4395 -498772 4633 -498742
-7596 -498844 -6832 -498400
4538 -498997 5379 -498390
-5182 -498696 -4493 -498567
-2083 -499221 -1086 -498303
-2257 -499256 -2073 -498785
5499 -499080 6225 -498307
5590 -498916 5730 -498410
-214 -498596 -131 -497926
-1536 -498998 -1028 -498800
-1196 -499175 -584 -498826
3810 -499209 4612 -498603
3730 -498849 4036 -497970
-6535 -498978 -6118 -498269
-4376 -499428 -4339 -498827
-5070 -498599 -4175 -497665
163 -498810 1145 -498610
2996 -498561 3770 -497601
9668 -498637 9764 -498446
6466 -498514 6807 -498429
2172 -499082 2182 -498422
-4790 -499084 -4202 -498741
9301 -499204 9674 -498490
-96 -498679 716 -497739
5667 -498450 5896 -497744
-850 -499253 -191 -498268
-776 -498450 -506 -498027
-4615 -498735 -4315 -498512
-3958 -498710 -3244 -497811
6190 -499042 6781 -498517
1155 -498598 1160 -497603
4769 -498941 5546 -498667
-2745 -498460 -2602 -497599
-4116 -498721 -3910 -497727
-7246 -498329 -6986 -498002
-1798 -498336 -1291 -498133
-7979 -498486 -7110 -497643
-3752 -498507 -3418 -498203
-8352 -499117 -7597 -498226
1746 -498673 2276 -498304
8046 -498730 8844 -497941
-3696 -498760 -3668 -498731
7697 -498416 7741 -497716
-9319 -498700 -8780 -498052
1692 -498851 1820 -498635
6429 -498895 6765 -498551
-9711 -498221 -8722 -497853
-4205 -498868 -4060 -498124
8390 -498321 8731 -497638
6042 -498879 6160 -498518
-5766 -498453 -5139 -497762
-3943 -498596 -3774 -497981
6552 -498194 7082 -497615
2290 -498154 3261 -497506
8627 -498233 9514 -497920
-5434 -498742 -5149 -497971
-9763 -498221 -9703 -498015
-1482 -498843 -698 -497897
-1542 -498177 -904 -497303
-9517 -498751 -9038 -498143
3459 -498930 3898 -498311
1388 -498995 1622 -498920
-1637 -498441 -842 -497818
9847 -498827 10310 -498395
9390 -498308 10182 -498015
1491 -498406 2443 -497458
-2484 -498889 -2481 -498372
4580 -498622 4602 -498403
9862 -497980 10242 -497167
2685 -497963 3590 -497426
-6050 -498803 -5489 -498566
5105 -498102 5155 -497538
-1289 -498666 -354 -497860
-6232 -498311 -5313 -497317
6882 -498085 7865 -497262
-3407 -498754 -3153 -498267
-6926 -498327 -6212 -497512
2919 -498772 3652 -498061
-3672 -498277 -3380 -497351
4018 -498130 4855 -497912
4904 -498700 5566 -498128
-315 -498187 -241 -497397
6503 -497942 6510 -497456
-9774 -497833 -9096 -497069
-2679 -498411 -1694 -498140
4427 -498608 4468 -498373
72 -498487 903 -498088
-3076 -498713 -2640 -498630
-4514 -497852 -4235 -497211
262 -498581 946 -498318
1776 -498559 1995 -498289
-8297 -498019 -7363 -497365
3959 -497803 4766 -497074
-1280 -497903 -971 -497818
-7302 -498356 -6925 -497364
2715 -497782 2887 -497729
8224 -498654 8764 -498544
3378 -498660 3432 -498550
-7746 -498060 -7614 -497709
-2143 -497827 -1961 -497332
4603 -498549 5037 -497828
181 -497638 597 -497150
551 -497718 584 -497420
-6819 -498466 -6403 -497959
2297 -497628 3074 -497144
-6618 -497648 -6351 -497626
4583 -497580 5060 -497265
5820 -498444 6346 -497551
8839 -498022 9330 -497496
-9072 -498203 -8450 -497620
7955 -498220 8181 -497331
4570 -497705 5424 -497267
-903 -497853 -776 -497025
6610 -497612 7188 -497218
8976 -497600 9529 -497400
-3913 -497549 -3813 -496771
-1434 -497813 -1416 -496860
9593 -498152 9791 -497873
9334 -497757 9669 -497317
5482 -497778 5700 -497378
-8827 -498276 -8320 -498260
6364 -497569 6628 -496778
-1172 -497551 -891 -496679
5856 -497413 6198 -496822
-4648 -497420 -4136 -496754
-483 -498311 -399 -497949
4112 -498019 4619 -497718
-5333 -497722 -4843 -497357
-3859 -497671 -3320 -497258
636 -497371 1593 -497200
-7240 -497486 -6425 -496836
2621 -498168 3412 -497774
-5687 -497433 -5488 -496599
9355 -497351 10149 -497195
-6714 -497467 -6355 -497295
-9860 -497603 -9678 -497357
3990 -497509 4041 -497185
-46 -498160 319 -498084
-4156 -497961 -3917 -497491
2475 -497259 2487 -496592
-3088 -497263 -2358 -497070
6868 -497318 6871 -497186
2377 -498027 2850 -497539
8957 -497627 9083 -497564
-3203 -497257 -2784 -496760
30 -497875 590 -497845
3480 -498160 4064 -497433
4140 -497371 4864 -496662
2557 -497212 2989 -496718
-609 -497527 -338 -496888
-2333 -497709 -1661 -496879
7088 -498096 7475 -497941
8232 -497541 8943 -496571
-9970 -497727 -9306 -497293
-7649 -497591 -7184 -497251
-2670 -497338 -2154 -497251
-6713 -497348 -6069 -496574
6353 -497642 6623 -496929
4819 -497316 5255 -497000
-9147 -497953 -8696 -497283
6911 -497326 7741 -496768
8816 -497617 9638 -496724
-6395 -497488 -5815 -497044
5551 -497101 5938 -496511
-1494 -497954 -1401 -497846
-8255 -497911 -7832 -496915
-4324 -497169 -3752 -496516
4089 -497869 4656 -497341
5812 -497072 6009 -497021
-3798 -497001 -3166 -496487
8257 -497802 8829 -496997
4683 -497574 4909 -497435
-7661 -497694 -7316 -497519
3292 -497250 4169 -496417
-9430 -496953 -8889 -495976
-9199 -497296 -8398 -497212
2763 -496931 3068 -496195
-7394 -496987 -6870 -496822
-5651 -497599 -5120 -496847
-3296 -497501 -2309 -497335
-7593 -497283 -7461 -496798
-5081 -497259 -5027 -496327
7581 -497267 8350 -497143
-2361 -497613 -1922 -496969
-2606 -496802 -1925 -496481
4098 -497317 4109 -496621
-6821 -497265 -6754 -497122
4425 -497662 5404 -497189
-3034 -496897 -2285 -496099
-7728 -497193 -7641 -496676
-4841 -496818 -3940 -495940
-8803 -497167 -8799 -496234
3 -497376 788 -497050
-3203 -497272 -2569 -496508
-9103 -497505 -9005 -497404
8329 -497272 8643 -496922
6626 -496740 7243 -495847
-431 -497031 -21 -496278
-2224 -497222 -1610 -496374
763 -497011 1272 -496910
7565 -497112 8065 -496317
1546 -497486 2400 -496577
6534 -497178 7345 -496370
-1304 -496616 -921 -496291
9451 -497125 9813 -496408
8620 -496701 8914 -495759
-3513 -497055 -3180 -496820
2854 -497347 3299 -496964
323 -497075 1075 -496336
5873 -496589 6339 -495777
-1023 -497031 -1008 -496495
-9231 -497056 -9123 -496709
3439 -496717 4060 -496435
-5303 -496933 -5235 -496132
-9665 -496816 -9174 -496382
-8310 -496957 -8162 -496664
8260 -496817 8481 -496764
9204 -496503 10188 -496215
9170 -497281 9969 -497053
9563 -496920 10224 -496698
-1384 -496547 -1160 -496279
-5708 -497038 -5672 -496526
9895 -496642 10556 -496443
-7624 -496432 -7450 -496422
4887 -496887 5561 -496632
1742 -497099 2144 -496125
3171 -496732 4130 -496318
4422 -496461 5178 -495976
-910 -496689 -838 -495908
2603 -496417 2924 -496416
-58 -497330 -45 -496377
-7106 -496795 -6947 -496677
2973 -496696 3839 -495758
-6579 -496552 -6169 -495931
-4600 -496427 -3813 -495594
4410 -497153 5042 -496784
-3872 -496701 -3425 -496359
3165 -496359 4033 -495369
-9074 -496760 -8835 -496027
-6295 -496541 -5732 -496540
3832 -496773 4294 -496424
2538 -496651 2678 -496522
7470 -497192 7863 -496606
-8017 -496875 -7322 -496413
6630 -497048 6694 -496856
3320 -496660 3859 -496105
1492 -497028 1915 -496097
7685 -497126 7780 -496817
-8292 -496370 -7489 -495725
6157 -496215 6760 -495479
840 -496600 892 -496550
6956 -496608 7611 -496018
4872 -496662 5355 -496233
6088 -496543 6426 -495966
8014 -497085 8297 -496302
-7131 -496557 -7115 -496320
-8116 -496653 -7816 -496299
-9246 -496336 -9009 -495985
-9708 -496340 -9549 -496097
-3977 -496876 -3255 -496234
-2098 -496240 -1950 -495284
-8911 -496104 -8471 -495322
8017 -496052 8393 -495245
4511 -496099 5490 -495424
2161 -496321 2995 -496186
127 -496444 1127 -495537
5567 -496400 6054 -495413
-281 -496014 -68 -495646
8674 -496855 9306 -495904
9242 -496415 9690 -495724
563 -496135 1495 -495999
6180 -496569 6478 -496248
6688 -496010 7685 -495148
-1599 -495926 -1529 -495811
-6318 -496265 -5815 -495831
-1553 -496081 -1050 -495851
9013 -496281 9577 -495404
3990 -496094 4185 -495109
-2964 -496091 -2579 -495314
7209 -496769 7910 -496530
539 -496146 1375 -495655
-9550 -496045 -8623 -495263
-7638 -496560 -6759 -496131
3579 -496536 4433 -495777
6634 -495846 7346 -495076
-5895 -495803 -5158 -495545
-6893 -496521 -6516 -496053
7601 -496202 7762 -495899
2082 -495787 2310 -495748
9927 -496081 10729 -495585
7967 -496417 8228 -495698
6335 -496691 6967 -495798
-8338 -496397 -7709 -495883
4723 -495962 5558 -495768
-4710 -495995 -3763 -495489
8408 -495890 9177 -495599
5235 -496509 5791 -496415
-3749 -496059 -3338 -495914
-1709 -495999 -1273 -495410
-552 -496193 130 -495917
2200 -495674 2852 -495344
-836 -495719 -792 -495054
-8045 -496038 -7311 -495226
3256 -496058 3753 -495417
9885 -496465 10205 -496211
-5104 -495861 -4459 -495493
-6630 -495784 -5984 -495189
-6148 -495702 -5861 -495193
7805 -495852 8150 -495338
-5242 -496433 -5062 -496379
-4096 -496228 -3655 -495919
448 -496110 518 -495717
-7729 -496510 -7620 -496359
1556 -496119 1945 -495831
7259 -495772 7605 -495348
4861 -495966 5834 -495783
-2370 -496176 -2312 -495431
-2863 -496382 -2784 -496255
-3372 -495690 -3230 -495503
-167 -495801 192 -494952
3428 -495641 3978 -495090
-8076 -495506 -7521 -495047
3319 -496129 3438 -495912
-3299 -495430 -3187 -494652
5328 -496261 5515 -496248
7055 -495963 7739 -495183
4589 -495391 4679 -495153
-6517 -495525 -6434 -495466
8641 -495570 9206 -495563
7638 -496305 7770 -496281
242 -495578 788 -494868
7824 -495495 8288 -494738
-1344 -495766 -1182 -495377
-7262 -495330 -7159 -494488
-7404 -496155 -7197 -495230
-6546 -495433 -5801 -494470
-549 -495830 -377 -494943
2904 -495961 3394 -495671
5539 -495304 6122 -494519
4595 -495560 4927 -495327
4956 -495817 5221 -495787
1794 -495476 2567 -494857
-5128 -495406 -4860 -494758
-3645 -495350 -3294 -494490
7177 -495202 7746 -494295
1186 -495654 1563 -494837
-973 -495629 -850 -495550
-1774 -496101 -1374 -495335
8023 -495746 8382 -494778
-9312 -495608 -9124 -495199
-8694 -495486 -8171 -494705
7949 -495627 8336 -494728
-24 -495782 364 -495272
-572 -495954 -397 -495233
-9986 -495432 -9923 -495017
334 -495765 495 -495507
4055 -495587 4093 -494883
5368 -495760 5815 -495543
-3613 -495747 -3570 -495525
-7225 -495997 -6514 -495219
8417 -495137 9146 -495075
9117 -495196 9976 -494429
-1534 -495051 -1274 -494157
5109 -495814 5445 -495756
-5126 -495498 -4819 -494974
-4087 -495076 -3784 -494383
-191 -495174 121 -494728
-2926 -495597 -2583 -495272
2326 -495196 2466 -494941
-4236 -495062 -4010 -494719
-9840 -495640 -9539 -494645
1142 -495297 1631 -494306
-8175 -495217 -7726 -494462
-9640 -495749 -9257 -495161
-6214 -495707 -5876 -495100
-6370 -495834 -5700 -495724
-8549 -495745 -8375 -495587
1327 -495428 2295 -494997
-5963 -495384 -5329 -495079
9255 -495565 9656 -494926
-4653 -494870 -3908 -494438
2861 -495794 3354 -495082
2368 -494912 3190 -494434
6271 -495140 6559 -494349
1759 -495724 1787 -495494
-2340 -495322 -1855 -494550
-165 -494897 -40 -494567
-1842 -495557 -1626 -494611
7717 -495179 8356 -494220
-9506 -495130 -9113 -495031
2944 -495070 3433 -494541
-1455 -495237 -1420 -494814
-4456 -495673 -4090 -495565
655 -494704 1262 -494456
8697 -495541 8781 -495190
5892 -495625 5914 -495419
5191 -494835 5687 -493923
9465 -495358 10116 -495266
-9042 -495262 -8651 -495204
1558 -494796 2092 -494643
-6420 -495590 -5639 -494815
-7169 -495082 -6269 -494910
-3237 -495131 -3217 -495111
-7413 -495072 -7216 -494776
-8446 -495140 -8316 -494973
2055 -494862 2664 -494432
9600 -494683 10319 -494175
2878 -494845 3507 -494107
4317 -494745 5003 -494322
-2931 -495283 -2223 -494401
2118 -494641 2726 -494113
-3044 -495347 -2631 -495131
5839 -495455 6052 -494748
5128 -494992 5894 -494094
-3870 -495293 -3697 -494820
7661 -494951 8080 -494547
9944 -494879 10797 -494809
-7449 -495090 -7422 -494261
-2221 -494475 -1736 -494380
5737 -494705 6604 -493932
-9057 -494985 -8889 -494169
1643 -494573 1966 -494379
2617 -494630 2725 -494425
6298 -495004 6307 -494412
5150 -495123 5505 -495006
-3760 -494493 -3500 -493920
38 -494628 628 -493922
9467 -494493 10084 -493571
-3135 -494585 -2728 -493960
-2559 -495282 -2233 -494761
-9687 -494633 -8895 -493773
3916 -494968 4303 -494235
-3023 -494972 -2626 -494634
-7143 -494882 -6780 -494808
-7896 -494445 -7470 -494251
-409 -495004 -317 -494226
-8586 -494295 -7981 -494133
6938 -495255 7360 -494559
-4931 -495181 -4753 -495004
-2042 -495159 -1539 -494479
6825 -494981 6972 -494756
2247 -494348 3095 -493431
-9923 -494549 -9904 -494097
6498 -495184 6936 -494743
8466 -494521 9218 -494324
7875 -494403 7902 -493797
-7170 -495117 -6244 -494944
-6912 -494731 -6468 -493958
6396 -494488 6729 -494063
-5457 -494918 -5452 -494092
-3050 -494147 -2548 -493699
-9092 -494242 -8787 -493854
-938 -494948 -905 -494296
8326 -494357 9285 -494306
-5424 -494578 -4576 -493769
6255 -494202 6364 -493852
5612 -494956 5823 -494735
9189 -494620 9494 -494126
8852 -494142 9276 -493686
-3428 -494099 -3335 -493997
5162 -494691 5617 -493744
9519 -494894 10289 -494877
7184 -494221 7434 -493510
9019 -494189 9772 -493717
-9604 -494701 -9307 -494296
-8306 -494083 -8013 -493986
-2633 -494812 -2310 -494146
1400 -494211 1439 -493275
-5660 -494153 -5613 -493818
9430 -494554 9647 -493863
-1154 -493948 -661 -493762
8697 -494848 8919 -494522
1660 -494521 2437 -493900
-9690 -494458 -9265 -493465
7529 -494381 7605 -494111
-5691 -494556 -5502 -494081
3080 -494371 3119 -494200
5932 -494108 6109 -493782
-1349 -493868 -977 -493469
-1630 -494177 -1172 -494029
1503 -494809 2257 -494192
-8004 -493882 -7740 -493055
-674 -494078 163 -493882
1463 -494668 1629 -494319
5027 -494353 5403 -493919
3146 -493869 4142 -493383
8032 -494298 8115 -493466
196 -493855 625 -493179
9639 -493792 10083 -493472
-7333 -494286 -6571 -493325
-9630 -494129 -9591 -493687
-1125 -494323 -704 -493909
1756 -494224 2155 -494122
938 -493798 1313 -493052
6679 -494568 7257 -494337
8190 -494334 9138 -493643
4132 -493757 4443 -493419
-2464 -494153 -2054 -493909
-3011 -493824 -2861 -493688
7591 -493722 7987 -493344
-4262 -493907 -4064 -493076
-8587 -494203 -8470 -493428
9465 -493655 10334 -493239
-5247 -493651 -4290 -493471
6614 -493734 7330 -492932
-4389 -493842 -4380 -493715
3855 -494368 4133 -493964
-4458 -494142 -4090 -493967
-7647 -493903 -7143 -493579
1477 -493573 1947 -493354
5727 -493751 6453 -493613
1964 -493856 1980 -493119
4495 -494401 5253 -494048
4831 -493644 4914 -492653
-630 -493778 -138 -493734
-6468 -494031 -6001 -493814
9154 -493599 10136 -493199
7329 -493587 7700 -493128
5291 -493817 6149 -493031
-7720 -494152 -6948 -493798
-1572 -494096 -1351 -493336
-3819 -493575 -3768 -492591
-1071 -494409 -878 -494089
7080 -494130 7224 -493592
4003 -493751 4792 -493147
-2937 -493659 -2369 -493326
-6685 -494126 -6438 -493156
8289 -494116 8804 -493325
-4673 -493629 -4542 -493619
-1520 -494109 -748 -493654
2042 -493705 2446 -493400
-8743 -493985 -8686 -493469
8847 -493638 9765 -492662
-6983 -493439 -6890 -492464
-572 -493441 -96 -493225
-3128 -493458 -2970 -493227
-8255 -493789 -8101 -493222
-3459 -493668 -3000 -493597
6585 -493412 7010 -493195
1192 -493701 1365 -493617
-8852 -493308 -8096 -492389
-4021 -493842 -3804 -493194
76 -493803 662 -492823
3810 -493231 4367 -492244
9257 -493978 9744 -493660
-6160 -493700 -5762 -493681
7184 -493730 7278 -493329
-9273 -493813 -8955 -492824
4190 -493567 4532 -492979
-2172 -493363 -1970 -492666
3022 -494050 3159 -493490
6258 -493338 6931 -492373
-1163 -493525 -994 -492751
-2759 -494012 -1933 -493645
-7731 -493206 -7261 -492674
-8149 -493415 -7941 -493363
1026 -493644 1689 -492939
8235 -493765 8342 -493633
-7880 -493510 -7322 -492860
-6805 -493226 -6162 -492935
-7940 -493851 -7639 -493773
3446 -493160 4085 -492662
-5446 -493186 -4974 -492885
-4569 -493211 -3887 -492632
-9421 -493086 -9193 -492494
707 -493701 802 -493389
9703 -493641 10212 -493361
6914 -493396 7268 -492945
5978 -492991 6217 -492457
-2155 -493903 -1510 -493218
7773 -493131 7902 -492572
6149 -493374 6850 -492455
-468 -493751 256 -493071
-1871 -493101 -1373 -492671
6336 -493744 6520 -493685
-7905 -493347 -7572 -492519
-198 -492943 276 -491951
4909 -493557 5373 -493031
6204 -493408 6798 -492869
8245 -493353 8879 -492986
-1223 -493249 -1107 -493079
-652 -492948 -559 -492148
2612 -493372 2978 -493231
-2285 -493408 -2098 -492874
4222 -492972 4975 -492403
-5982 -492991 -5754 -492675
4455 -492787 5205 -491842
6134 -492822 6818 -492002
-7351 -493622 -7127 -492838
-5275 -492878 -5061 -492732
1752 -492996 2470 -492812
6480 -493160 7331 -492692
5286 -492744 5455 -492210
3403 -492709 3875 -491714
-6222 -493286 -5243 -493239
4555 -493263 4835 -492891
-3132 -493037 -2332 -492543
9330 -493166 10168 -492907
-1809 -493037 -1562 -492605
-3724 -493228 -2727 -493181
-8312 -493367 -8202 -493357
-5381 -493601 -4924 -493302
6958 -493387 7565 -493088
-6459 -492939 -6385 -492710
-9263 -492810 -8686 -492136
7565 -493435 7975 -492938
-1495 -493317 -870 -492446
-8937 -492711 -8426 -492232
-4942 -492593 -4166 -491656
-6471 -493093 -5877 -493051
1224 -493136 1743 -492459
-891 -492775 -665 -492556
-8847 -492751 -7993 -492160
-8067 -492628 -7448 -492320
-7084 -492737 -6391 -491757
1834 -492935 2140 -491962
-9818 -492770 -9723 -492716
4011 -492648 4643 -491790
8149 -492556 8470 -492496
1134 -492624 1496 -492328
2620 -493109 2633 -492442
6621 -492476 7267 -491591
-63 -493254 154 -493162
4124 -493215 4474 -492833
-3410 -492903 -3028 -491922
5244 -492449 5332 -491691
3399 -492392 3469 -491845
-5051 -492971 -4377 -492510
-411 -493240 -296 -492810
-9745 -492484 -9117 -491879
-2598 -492603 -2361 -492527
5336 -492701 5573 -492273
73 -493034 240 -492314
8863 -492578 9315 -491637
-3234 -492694 -2955 -491772
-6889 -492609 -6489 -492367
-1586 -493266 -1086 -492544
8365 -493159 9096 -492703
-9474 -492459 -8608 -491562
2589 -492637 2598 -492020
123 -493225 801 -492602
-1585 -492337 -696 -491753
8656 -492381 8939 -491641
4194 -493178 4360 -493165
5909 -492469 6372 -492086
-2949 -492434 -2247 -491633
7215 -492652 7915 -491925
3465 -492288 3712 -491306
-9006 -492490 -8624 -491726
9145 -492885 9499 -492041
-8005 -492934 -7815 -492879
-4490 -492264 -4030 -492076
6467 -492145 6951 -491198
3515 -492962 3666 -492808
8916 -492581 9681 -491697
8078 -493019 8689 -492549
-476 -492996 -286 -492196
9634 -492716 9836 -492167
-1265 -492554 -803 -491893
-5170 -492409 -5048 -491911
2650 -492333 3210 -491709
-1855 -492436 -1844 -491494
-4260 -492341 -3894 -492140
-900 -492274 -325 -491707
3683 -492453 3852 -492120
7155 -492154 7520 -491206
878 -492509 1524 -491537
9445 -492818 9711 -492423
7886 -491991 8215 -491480
-3736 -492123 -3105 -491737
3022 -492776 3124 -491873
1548 -492653 1775 -491932
-5417 -492124 -5145 -491216
-8208 -492687 -7856 -492399
-3333 -492561 -3186 -491880
6066 -491948 6493 -491170
-9596 -492743 -9314 -492679
2104 -492234 2517 -491844
8296 -492163 8549 -492127
7675 -492399 8446 -491794
116 -492380 346 -491916
-8470 -491828 -8438 -491809
9240 -492730 9664 -491987
-8341 -491924 -7409 -491874
-6898 -492733 -6038 -491972
5945 -492007 6347 -491968
3198 -492691 3358 -492127
5305 -491970 5972 -491387
-3016 -492434 -2642 -491836
-2290 -492654 -2280 -492069
5673 -492445 6085 -491726
-6243 -491750 -5734 -490937
4018 -491846 4551 -490886
1909 -492698 2351 -492440
6842 -492071 7099 -491268
385 -492028 531 -491056
9474 -491943 10069 -491656
-7430 -492145 -7224 -491857
884 -492435 976 -491922
-2654 -492614 -2548 -492196
-8945 -491809 -8776 -491108
6927 -492304 7134 -492265
-5212 -491974 -5008 -490998
-6031 -491972 -5376 -491174
8507 -491943 9121 -491460
1238 -491639 2160 -491284
-6849 -492011 -6621 -491083
-7091 -491576 -6705 -491411
1021 -491593 1890 -490930
-4485 -491560 -4302 -490919
7668 -491587 7900 -491203
-7361 -492060 -7154 -491806
-4629 -492082 -3868 -491345
-7248 -491621 -7086 -490726
-5931 -492128 -5303 -491195
-8144 -491572 -7455 -490803
-3589 -491697 -2938 -491436
9639 -491756 10058 -491531
-8241 -491897 -7913 -491662
9846 -491918 10371 -491588
-1170 -491788 -506 -491580
-5033 -491780 -4838 -490862
2202 -491413 2805 -491287
2531 -491827 2710 -491404
8236 -491410 8657 -490571
-4083 -491457 -3612 -490535
8940 -491445 9507 -491041
2320 -492100 2659 -491987
8416 -491811 8529 -491036
9196 -491393 10124 -491102
-8519 -491545 -8458 -490845
-2027 -491570 -1530 -491039
2992 -491754 3161 -490842
5435 -491735 5948 -491370
2843 -491803 3082 -490974
-1740 -491764 -862 -491296
6128 -491508 6456 -490731
4140 -491697 5039 -490856
631 -492103 1266 -491435
-5900 -491756 -5653 -491353
-2469 -491650 -1973 -491075
-1234 -492197 -711 -491803
-2940 -491813 -2715 -491655
5381 -491292 5848 -491073
-2820 -491371 -2251 -490743
4363 -491311 5278 -490639
3373 -492006 3503 -491413
3271 -492159 3444 -491172
-3035 -491347 -2638 -490605
5181 -491495 5724 -490601
2657 -491235 3001 -490457
-9928 -491991 -9693 -491788
-4963 -492041 -3998 -491221
9948 -491406 10601 -491098
7532 -491529 7978 -490917
-1332 -491122 -711 -490630
-6524 -491102 -6108 -490997
-8060 -491137 -7817 -490393
6763 -491202 7131 -490461
-8522 -491766 -8324 -491726
-2186 -491493 -1576 -491041
6242 -491339 6461 -491042
8812 -491552 8926 -490726
5776 -491322 6226 -491239
1884 -491950 1958 -491893
9535 -491249 10077 -490804
5270 -491623 6228 -490968
1391 -491490 1540 -491296
-1725 -491431 -1295 -490832
-321 -491439 573 -490561
4257 -490940 5034 -490754
-6346 -491495 -6004 -490895
-4435 -490971 -3504 -490234
3169 -491138 3308 -491028
1245 -491323 1289 -490828
-4710 -491057 -4681 -490369
-536 -491186 -426 -490451
-8839 -490941 -8546 -490579
-2319 -491384 -1391 -490507
-2137 -491047 -1995 -490051
-6610 -491112 -6429 -490886
6876 -491213 7278 -490592
-385 -491718 498 -490823
4212 -491777 4954 -491178
-5825 -491188 -5019 -490914
-1746 -491589 -1068 -490931
-7617 -491189 -7076 -490241
4136 -490917 5004 -490189
-4675 -491050 -4020 -490089
1234 -490888 1315 -490428
4255 -491339 4499 -490911
7238 -491231 7699 -490907
1965 -490857 2392 -490529
-8783 -490931 -8622 -490907
-3198 -491218 -2884 -490462
-3922 -491640 -3675 -491514
-548 -491274 113 -490601
-747 -491337 -709 -490729
-6799 -490770 -5951 -490608
-3771 -491199 -3504 -491152
-5461 -490741 -4747 -490175
1652 -490664 2285 -489856
6831 -490642 7241 -490305
2036 -490612 2128 -490455
3136 -491050 3633 -490811
-7602 -491440 -7204 -491311
8150 -491405 8284 -491166
2926 -490579 3320 -489684
-5079 -490890 -5012 -490799
-4980 -490679 -4778 -490357
-9469 -490565 -9011 -489768
4811 -490731 5462 -489918
8485 -490679 8725 -490475
5648 -490887 6041 -490778
-1104 -490906 -852 -490672
8773 -490736 8898 -490500
6618 -490481 7177 -489894
-5864 -490537 -5686 -490310
5160 -490667 5755 -489799
-6405 -490675 -5650 -489867
7539 -490548 7558 -489881
885 -491369 1195 -490756
-9800 -491261 -8842 -490756
9949 -490731 10214 -489868
-1109 -490760 -767 -490440
-325 -490729 310 -490391
-6344 -490452 -6015 -489476
-5296 -491255 -4793 -490751
985 -490670 1372 -489972
-8105 -491151 -7864 -490260
8002 -491247 8005 -490715
-3518 -491027 -3192 -490811
306 -491150 713 -490900
-462 -490383 115 -489582
7015 -491270 7359 -490803
-8515 -490402 -8475 -489591
2412 -490479 2567 -489681
-1600 -490918 -1509 -490744
9200 -490640 9689 -490434
-3633 -490555 -3156 -489675
8676 -490451 9135 -489468
-66 -491092 757 -490388
-1687 -490412 -951 -490235
-4522 -491020 -3623 -490248
-9402 -490357 -9087 -489540
-8481 -490648 -8261 -490511
4049 -491071 4299 -490578
-5980 -490798 -5085 -489813
1755 -490652 2081 -490507
-555 -490483 -147 -489720
5392 -490826 5923 -490279
9162 -490571 9897 -489683
1707 -490172 2360 -489249
9259 -490373 9486 -489826
6042 -491076 6067 -490524
-87 -490588 518 -489894
6816 -490439 7386 -490222
-5509 -490537 -4905 -489963
3119 -490300 3236 -490118
-2916 -490527 -2915 -490386
9924 -490280 10085 -489783
-8479 -490766 -8380 -490646
-2835 -490576 -2783 -489873
302 -490741 545 -490146
-2264 -490337 -1860 -489739
7694 -490218 8068 -489938
5225 -489973 5693 -489005
2410 -490742 2836 -490296
-1683 -490410 -1279 -489912
-2431 -490611 -2164 -489890
197 -490440 1130 -489631
4440 -490425 5285 -489791
1600 -490893 2006 -490580
-7756 -490364 -7679 -490286
1903 -490746 2890 -490237
-5733 -490119 -5173 -489640
7972 -490302 8229 -490121
5096 -489925 5217 -489066
7062 -490093 7835 -489525
-3624 -489863 -3533 -489500
7840 -489835 7929 -489833
8961 -490055 9662 -489562
-6220 -490129 -5782 -489754
3135 -490461 3698 -489602
-115 -490200 11 -490084
-5704 -489810 -5020 -489412
6078 -490476 6352 -490279
3996 -489986 4094 -489198
-6463 -490106 -6191 -489325
9234 -489846 9267 -489266
-4323 -490316 -4199 -489687
8180 -490697 8685 -490172
-2876 -489793 -2768 -489635
-8658 -489724 -8554 -489671
-4160 -490000 -3824 -489799
2980 -490303 3252 -489696
-8364 -490103 -7773 -489646
-9020 -490492 -8261 -490397
5022 -489831 5111 -488836
-1870 -489848 -1700 -489624
1181 -490167 1211 -489374
4800 -489901 5087 -489890
5323 -489812 5941 -489096
-9747 -490036 -8984 -489363
7939 -490127 8192 -490010
-9655 -489823 -9099 -489261
5277 -490550 5995 -490025
9582 -489870 9838 -488955
-1981 -489658 -1003 -488916
-9741 -489944 -9738 -489418
8902 -490236 9217 -490176
-5064 -489989 -4842 -489605
-8703 -489640 -8645 -488811
-3803 -489913 -3322 -489111
-9106 -489922 -8941 -489464
3335 -490327 3762 -489807
6351 -489680 6888 -489164
-1548 -489999 -1203 -489386
-1004 -490062 -393 -489143
7820 -490144 8685 -490078
-4478 -490364 -4258 -490334
-7136 -490169 -6231 -489280
4148 -490247 4309 -490164
436 -489715 1331 -488804
-514 -490266 35 -489422
-5984 -490167 -5255 -489195
-3594 -490206 -3183 -489317
-8366 -489853 -8232 -489547
-5288 -489906 -4806 -489433
-9265 -489840 -9076 -489463
-677 -489870 -450 -489849
-1194 -490247 -907 -489521
-9951 -489488 -9612 -489121
7405 -489708 7795 -489260
-3754 -490283 -3399 -489773
4197 -489616 4935 -489356
-5016 -489915 -4486 -489539
1320 -489561 1613 -489405
6903 -490024 7137 -489155
-4270 -489738 -4195 -488798
7199 -489528 7288 -488976
2435 -490129 2604 -489493
-3332 -490172 -3067 -489456
5936 -489628 6363 -488777
-6859 -489524 -6121 -489023
-2393 -489922 -1467 -489449
2396 -489549 3109 -488770
-4586 -489328 -4363 -488446
7948 -489716 8307 -488877
-1960 -489256 -1057 -488471
-7715 -489948 -6922 -489308
6468 -489306 7115 -488752
-7135 -489662 -6441 -489235
-6505 -489124 -6120 -488860
-2787 -489226 -2055 -488587
3328 -489801 3774 -489229
-5524 -489274 -5493 -488829
-336 -489446 -282 -489395
-6047 -489457 -5653 -488944
-5710 -489222 -5562 -489135
701 -489244 1352 -488360
3521 -489106 4067 -488372
-1213 -489525 -761 -489497
0
