0.100000 60.000000
20 10 7 5
1230 94 1304 718 1948 443 746 307 387 1239 243 594 423 1438 1834 1713 1090 1924 986 267
567 115 205 563 1067 1856 1826 720 167 136 1903 949 1443 857 109 29 1431 1932 204 864
365 1696 113 779 965 951 1206 1353 248 640 945 56 1744 47 230 816 882 1154 230 1535
1718 1141 538 1004 1563 356 840 0 1999 319 1500 164 609 1741 863 757 1484 1320 977 1140
1369 810 240 724 1486 1325 606 68 270 1384 479 228 1945 933 139 1595 110 1524 1327 16
12 1297 567 246 367 1991 720 2000 1647 1748 1129 836 906 653 1284 265 472 1617 96 665
924 184 1345 1008 1192 1090 1454 1464 352 150 684 1690 95 754 1523 947 157 1113 1085 1303
76 128 853 461 990 1708 1509 1984 882 1291 439 449 1877 1198 1025 1007 707 162 76 1696
838 1348 1078 1474 1370 1795 1244 1644 70 1832 526 2000 1820 929 1674 198 582 1940 278 294
481 1781 526 52 1473 516 1886 643 1459 1601 1876 360 1460 1168 101 386 1714 1591 481 672
