5.000000 1.000000
140 140 70 70
5302 5099 5080 5040 5026 5324 5250 5377 5121 5291 5172 5204 5041 5043 5490 5069 5492 5145 5344 5137 5280 5178 5374 5315 5042 5409 5081 5328 5233 5348 5130 5176 5143 5366 5159 5239 5406 5361 5171 5453 5193 5051 5242 5302 5430 5063 5015 5092 5198 5358 5479 5230 5389 5043 5356 5279 5138 5479 5218 5288 5394 5491 5065 5057 5425 5253 5186 5147 5276 5139 5408 5428 5089 5205 5212 5090 5031 5041 5166 5126 5380 5177 5108 5456 5370 5275 5194 5122 5416 5293 5285 5307 5139 5409 5264 5484 5049 5433 5375 5118 5258 5374 5312 5198 5143 5402 5464 5335 5416 5079 5053 5248 5095 5394 5197 5332 5361 5127 5445 5355 5409 5045 5014 5272 5478 5137 5362 5194 5013 5295 5094 5024 5379 5447 5389 5200 5388 5228 5080 5029
5240 0 0 0 0 0 0 0 0 0 0 0 0 0 0 0 0 0 0 0 0 0 0 0 0 0 0 0 0 0 0 0 0 0 0 0 0 0 0 0 0 0 0 0 0 0 0 0 0 0 0 0 0 0 0 0 0 0 0 0 0 0 0 0 0 0 0 0 0 0 0 0 0 0 0 0 0 0 0 0 0 0 0 0 0 0 0 0 0 0 0 0 0 0 0 0 0 0 0 0 0 0 0 0 0 0 0 0 0 0 0 0 0 0 0 0 0 0 0 0 0 0 0 0 0 0 0 0 0 0 0 0 0 0 0 0 0 0 0 5142
5391 0 5034 5350 5473 5021 5070 5452 5006 5473 5207 5459 5202 5397 5033 5322 5436 5117 5254 5188 5288 5119 5440 5422 5496 5076 5012 5329 5386 5150 5425 5093 5085 5412 5025 5091 5327 5099 5251 5356 5468 5222 5174 5199 5098 5301 5004 5247 5298 5001 5004 5363 5251 5135 5188 5475 5374 5241 5272 5243 5073 5216 5034 5088 5254 5185 5210 5327 5201 5037 5335 5037 5221 5005 5355 5066 5056 5070 5136 5092 5372 5010 5026 5169 5139 5381 5378 5145 5293 5392 5299 5098 5246 5163 5380 5352 5127 5238 5222 5196 5283 5456 5346 5203 5317 5110 5411 5352 5093 5254 5494 5392 5347 5246 5482 5012 5144 5342 5377 5270 5330 5274 5138 5480 5296 5256 5115 5026 5306 5254 5116 5267 5162 5310 5331 5219 5387 5487 0 5267
5195 0 5439 0 0 0 0 0 0 0 0 0 0 0 0 0 0 0 0 0 0 0 0 0 0 0 0 0 0 0 0 0 0 0 0 0 0 0 0 0 0 0 0 0 0 0 0 0 0 0 0 0 0 0 0 0 0 0 0 0 0 0 0 0 0 0 0 0 0 0 0 0 0 0 0 0 0 0 0 0 0 0 0 0 0 0 0 0 0 0 0 0 0 0 0 0 0 0 0 0 0 0 0 0 0 0 0 0 0 0 0 0 0 0 0 0 0 0 0 0 0 0 0 0 0 0 0 0 0 0 0 0 0 0 0 0 0 5404 0 5427
5330 0 5207 0 5450 5385 5302 5389 5455 5333 5219 5491 5398 5438 5269 5213 5360 5249 5065 5401 5417 5458 5356 5482 5256 5071 5294 5240 5175 5251 5295 5106 5190 5105 5358 5472 5204 5322 5267 5352 5078 5347 5298 5408 5089 5159 5144 5207 5388 5194 5096 5470 5088 5339 5003 5142 5030 5224 5038 5065 5473 5288 5260 5189 5379 5204 5242 5137 5447 5049 5374 5347 5018 5447 5270 5126 5048 5338 5333 5395 5357 5053 5084 5129 5166 5449 5479 5380 5314 5491 5227 5218 5493 5462 5122 5347 5464 5060 5040 5086 5329 5018 5261 5451 5366 5060 5051 5033 5469 5373 5206 5159 5296 5365 5201 5401 5475 5273 5034 5182 5440 5469 5103 5191 5025 5490 5064 5128 5402 5429 5224 5020 5262 5383 5073 5127 0 5436 0 5336
5386 0 5490 0 5156 0 0 0 0 0 0 0 0 0 0 0 0 0 0 0 0 0 0 0 0 0 0 0 0 0 0 0 0 0 0 0 0 0 0 0 0 0 0 0 0 0 0 0 0 0 0 0 0 0 0 0 0 0 0 0 0 0 0 0 0 0 0 0 0 0 0 0 0 0 0 0 0 0 0 0 0 0 0 0 0 0 0 0 0 0 0 0 0 0 0 0 0 0 0 0 0 0 0 0 0 0 0 0 0 0 0 0 0 0 0 0 0 0 0 0 0 0 0 0 0 0 0 0 0 0 0 0 0 0 0 5469 0 5401 0 5049
5438 0 5031 0 5201 0 5195 5351 5307 5406 5053 5040 5426 5217 5407 5417 5440 5218 5473 5297 5132 5497 5123 5477 5055 5321 5224 5293 5436 5199 5120 5281 5367 5174 5345 5175 5028 5232 5087 5109 5140 5051 5447 5348 5404 5306 5472 5148 5305 5225 5129 5226 5327 5429 5468 5483 5095 5122 5224 5389 5153 5380 5138 5053 5194 5353 5328 5008 5373 5286 5151 5162 5034 5075 5128 5268 5016 5394 5425 5120 5110 5369 5424 5357 5260 5465 5060 5263 5353 5132 5406 5202 5061 5451 5491 5435 5240 5257 5415 5401 5063 5266 5006 5227 5230 5313 5444 5443 5454 5433 5079 5191 5203 5476 5074 5136 5385 5301 5168 5243 5229 5331 5212 5450 5460 5042 5059 5128 5071 5167 5215 5126 5045 5051 0 5128 0 5277 0 5380
5134 0 5362 0 5464 0 5211 0 0 0 0 0 0 0 0 0 0 0 0 0 0 0 0 0 0 0 0 0 0 0 0 0 0 0 0 0 0 0 0 0 0 0 0 0 0 0 0 0 0 0 0 0 0 0 0 0 0 0 0 0 0 0 0 0 0 0 0 0 0 0 0 0 0 0 0 0 0 0 0 0 0 0 0 0 0 0 0 0 0 0 0 0 0 0 0 0 0 0 0 0 0 0 0 0 0 0 0 0 0 0 0 0 0 0 0 0 0 0 0 0 0 0 0 0 0 0 0 0 0 0 0 0 0 5035 0 5110 0 5078 0 5038
5253 0 5420 0 5081 0 5249 0 5127 5480 5460 5099 5203 5315 5013 5075 5482 5199 5462 5355 5223 5202 5164 5465 5402 5236 5252 5397 5183 5296 5024 5139 5042 5138 5253 5086 5284 5356 5493 5097 5463 5325 5486 5168 5247 5012 5081 5017 5444 5090 5333 5158 5176 5202 5488 5337 5240 5180 5137 5150 5338 5105 5256 5408 5475 5114 5486 5375 5347 5436 5377 5194 5281 5468 5199 5433 5437 5017 5263 5228 5208 5134 5167 5342 5372 5217 5030 5404 5119 5357 5197 5332 5400 5033 5208 5128 5078 5102 5147 5397 5038 5489 5413 5380 5012 5266 5476 5340 5302 5281 5136 5267 5195 5387 5342 5145 5026 5406 5166 5409 5270 5144 5403 5472 5126 5008 5445 5046 5066 5040 5475 5361 0 5127 0 5004 0 5400 0 5467
5427 0 5466 0 5299 0 5305 0 5329 0 0 0 0 0 0 0 0 0 0 0 0 0 0 0 0 0 0 0 0 0 0 0 0 0 0 0 0 0 0 0 0 0 0 0 0 0 0 0 0 0 0 0 0 0 0 0 0 0 0 0 0 0 0 0 0 0 0 0 0 0 0 0 0 0 0 0 0 0 0 0 0 0 0 0 0 0 0 0 0 0 0 0 0 0 0 0 0 0 0 0 0 0 0 0 0 0 0 0 0 0 0 0 0 0 0 0 0 0 0 0 0 0 0 0 0 0 0 0 0 0 0 5317 0 5365 0 5460 0 5123 0 5297
5490 0 5200 0 5100 0 5470 0 5025 0 5026 5223 5431 5296 5225 5039 5199 5218 5020 5151 5393 5450 5028 5285 5397 5463 5386 5120 5048 5486 5306 5392 5495 5217 5022 5216 5053 5193 5485 5366 5318 5089 5256 5016 5362 5225 5469 5221 5358 5370 5162 5069 5384 5456 5238 5236 5142 5484 5320 5299 5283 5253 5137 5211 5116 5426 5169 5411 5123 5178 5435 5251 5017 5033 5484 5020 5450 5071 5161 5261 5207 5086 5300 5347 5446 5003 5089 5464 5341 5345 5050 5089 5002 5108 5269 5325 5027 5208 5347 5062 5149 5153 5425 5351 5263 5274 5057 5495 5307 5061 5267 5018 5093 5325 5493 5082 5033 5245 5414 5099 5409 5352 5216 5180 5449 5351 5136 5192 5418 5218 0 5001 0 5414 0 5137 0 5180 0 5260
5110 0 5050 0 5240 0 5490 0 5012 0 5273 0 0 0 0 0 0 0 0 0 0 0 0 0 0 0 0 0 0 0 0 0 0 0 0 0 0 0 0 0 0 0 0 0 0 0 0 0 0 0 0 0 0 0 0 0 0 0 0 0 0 0 0 0 0 0 0 0 0 0 0 0 0 0 0 0 0 0 0 0 0 0 0 0 0 0 0 0 0 0 0 0 0 0 0 0 0 0 0 0 0 0 0 0 0 0 0 0 0 0 0 0 0 0 0 0 0 0 0 0 0 0 0 0 0 0 0 0 0 5450 0 5025 0 5421 0 5135 0 5160 0 5126
5281 0 5184 0 5178 0 5456 0 5083 0 5462 0 5076 5198 5169 5411 5074 5036 5107 5173 5452 5435 5288 5028 5194 5080 5378 5072 5125 5455 5148 5444 5477 5146 5067 5430 5394 5405 5264 5306 5174 5053 5055 5149 5056 5424 5126 5064 5156 5433 5262 5437 5186 5103 5174 5368 5464 5356 5094 5003 5162 5042 5130 5173 5329 5244 5283 5200 5171 5242 5353 5279 5119 5187 5485 5325 5225 5342 5371 5012 5231 5457 5026 5048 5465 5451 5254 5434 5265 5248 5374 5434 5491 5428 5176 5325 5078 5497 5110 5037 5211 5337 5402 5382 5472 5361 5230 5252 5131 5355 5034 5309 5324 5111 5314 5370 5424 5255 5205 5105 5500 5364 5019 5332 5264 5298 5303 5382 0 5459 0 5162 0 5259 0 5477 0 5006 0 5284
5146 0 5410 0 5389 0 5354 0 5466 0 5359 0 5184 0 0 0 0 0 0 0 0 0 0 0 0 0 0 0 0 0 0 0 0 0 0 0 0 0 0 0 0 0 0 0 0 0 0 0 0 0 0 0 0 0 0 0 0 0 0 0 0 0 0 0 0 0 0 0 0 0 0 0 0 0 0 0 0 0 0 0 0 0 0 0 0 0 0 0 0 0 0 0 0 0 0 0 0 0 0 0 0 0 0 0 0 0 0 0 0 0 0 0 0 0 0 0 0 0 0 0 0 0 0 0 0 0 0 5013 0 5276 0 5188 0 5027 0 5311 0 5255 0 5375
5403 0 5258 0 5335 0 5176 0 5254 0 5027 0 5297 0 5312 5091 5006 5500 5392 5400 5054 5498 5166 5255 5196 5314 5298 5014 5341 5048 5163 5310 5407 5075 5155 5010 5039 5192 5154 5208 5461 5273 5267 5342 5168 5078 5271 5458 5165 5331 5137 5184 5291 5236 5085 5269 5258 5226 5327 5437 5120 5246 5179 5212 5319 5289 5178 5259 5499 5113 5020 5147 5365 5356 5360 5425 5043 5494 5142 5350 5466 5424 5430 5285 5219 5220 5028 5192 5078 5340 5317 5238 5222 5485 5477 5234 5277 5220 5436 5455 5092 5228 5183 5120 5021 5047 5241 5273 5446 5162 5186 5457 5391 5198 5154 5101 5267 5072 5193 5371 5156 5017 5003 5404 5249 5418 0 5405 0 5495 0 5079 0 5291 0 5255 0 5390 0 5271
5399 0 5015 0 5141 0 5228 0 5211 0 5178 0 5496 0 5202 0 0 0 0 0 0 0 0 0 0 0 0 0 0 0 0 0 0 0 0 0 0 0 0 0 0 0 0 0 0 0 0 0 0 0 0 0 0 0 0 0 0 0 0 0 0 0 0 0 0 0 0 0 0 0 0 0 0 0 0 0 0 0 0 0 0 0 0 0 0 0 0 0 0 0 0 0 0 0 0 0 0 0 0 0 0 0 0 0 0 0 0 0 0 0 0 0 0 0 0 0 0 0 0 0 0 0 0 0 0 5208 0 5202 0 5204 0 5459 0 5073 0 5217 0 5108 0 5082
5199 0 5107 0 5423 0 5454 0 5100 0 5233 0 5347 0 5193 0 5304 5170 5471 5372 5199 5035 5435 5046 5382 5496 5086 5484 5073 5152 5382 5494 5462 5285 5177 5410 5462 5345 5417 5224 5426 5389 5102 5449 5236 5220 5305 5422 5005 5287 5076 5143 5243 5244 5221 5047 5461 5247 5357 5342 5123 5364 5011 5206 5281 5276 5222 5207 5005 5347 5426 5053 5180 5464 5446 5400 5466 5232 5122 5130 5172 5447 5226 5367 5161 5068 5240 5016 5220 5091 5221 5305 5018 5224 5476 5448 5487 5474 5359 5251 5406 5050 5280 5011 5223 5486 5082 5399 5325 5465 5285 5417 5159 5268 5344 5441 5352 5181 5287 5176 5039 5282 5046 5007 0 5290 0 5129 0 5397 0 5396 0 5407 0 5234 0 5296 0 5421
5002 0 5366 0 5356 0 5397 0 5384 0 5176 0 5177 0 5347 0 5307 0 0 0 0 0 0 0 0 0 0 0 0 0 0 0 0 0 0 0 0 0 0 0 0 0 0 0 0 0 0 0 0 0 0 0 0 0 0 0 0 0 0 0 0 0 0 0 0 0 0 0 0 0 0 0 0 0 0 0 0 0 0 0 0 0 0 0 0 0 0 0 0 0 0 0 0 0 0 0 0 0 0 0 0 0 0 0 0 0 0 0 0 0 0 0 0 0 0 0 0 0 0 0 0 0 0 5185 0 5409 0 5200 0 5059 0 5051 0 5354 0 5047 0 5498 0 5381
5409 0 5250 0 5286 0 5466 0 5106 0 5106 0 5260 0 5089 0 5168 0 5106 5282 5250 5039 5301 5289 5104 5354 5252 5095 5148 5055 5027 5277 5010 5450 5273 5187 5132 5009 5249 5252 5483 5164 5090 5261 5073 5406 5374 5293 5302 5021 5301 5381 5381 5239 5220 5176 5295 5049 5345 5222 5472 5137 5238 5181 5488 5145 5454 5375 5260 5281 5029 5218 5216 5282 5138 5085 5128 5029 5416 5067 5392 5091 5189 5230 5098 5321 5446 5294 5145 5162 5070 5499 5146 5030 5018 5295 5472 5405 5490 5234 5356 5460 5400 5133 5137 5315 5477 5375 5486 5127 5325 5078 5016 5190 5250 5162 5421 5176 5272 5044 5124 5413 0 5263 0 5168 0 5144 0 5411 0 5079 0 5494 0 5044 0 5439 0 5397
5188 0 5427 0 5442 0 5420 0 5227 0 5413 0 5062 0 5281 0 5185 0 5043 0 0 0 0 0 0 0 0 0 0 0 0 0 0 0 0 0 0 0 0 0 0 0 0 0 0 0 0 0 0 0 0 0 0 0 0 0 0 0 0 0 0 0 0 0 0 0 0 0 0 0 0 0 0 0 0 0 0 0 0 0 0 0 0 0 0 0 0 0 0 0 0 0 0 0 0 0 0 0 0 0 0 0 0 0 0 0 0 0 0 0 0 0 0 0 0 0 0 0 0 0 0 5256 0 5374 0 5166 0 5276 0 5387 0 5389 0 5045 0 5224 0 5209 0 5475
5484 0 5457 0 5342 0 5100 0 5283 0 5042 0 5337 0 5329 0 5225 0 5316 0 5441 5266 5022 5007 5148 5104 5157 5426 5487 5191 5256 5374 5050 5031 5219 5075 5440 5341 5016 5338 5247 5011 5089 5140 5166 5368 5397 5391 5246 5471 5321 5427 5091 5221 5147 5133 5251 5454 5428 5214 5342 5307 5197 5056 5488 5288 5313 5209 5491 5019 5384 5497 5282 5262 5143 5179 5290 5347 5091 5184 5218 5342 5363 5259 5360 5241 5242 5120 5125 5074 5439 5393 5455 5228 5478 5370 5430 5366 5189 5028 5355 5277 5117 5253 5409 5028 5081 5485 5243 5437 5201 5500 5314 5019 5127 5487 5248 5207 5148 5127 0 5330 0 5320 0 5321 0 5066 0 5083 0 5329 0 5009 0 5062 0 5201 0 5089
5496 0 5110 0 5180 0 5420 0 5485 0 5279 0 5403 0 5163 0 5113 0 5254 0 5380 0 0 0 0 0 0 0 0 0 0 0 0 0 0 0 0 0 0 0 0 0 0 0 0 0 0 0 0 0 0 0 0 0 0 0 0 0 0 0 0 0 0 0 0 0 0 0 0 0 0 0 0 0 0 0 0 0 0 0 0 0 0 0 0 0 0 0 0 0 0 0 0 0 0 0 0 0 0 0 0 0 0 0 0 0 0 0 0 0 0 0 0 0 0 0 0 0 0 5321 0 5259 0 5039 0 5241 0 5188 0 5173 0 5189 0 5209 0 5124 0 5422 0 5316
5108 0 5169 0 5071 0 5136 0 5090 0 5179 0 5146 0 5384 0 5150 0 5211 0 5392 0 5413 5398 5329 5101 5395 5317 5176 5074 5022 5474 5484 5449 5411 5183 5449 5373 5257 5055 5176 5211 5478 5210 5443 5318 5152 5171 5115 5401 5001 5231 5073 5454 5163 5013 5028 5401 5489 5067 5436 5488 5472 5386 5332 5259 5485 5476 5201 5107 5120 5305 5188 5103 5211 5013 5300 5050 5476 5138 5289 5380 5096 5307 5225 5017 5361 5204 5485 5056 5359 5049 5090 5086 5041 5421 5141 5215 5174 5063 5342 5281 5118 5292 5291 5268 5226 5352 5423 5284 5372 5473 5057 5433 5385 5161 5059 5274 0 5422 0 5116 0 5361 0 5272 0 5447 0 5183 0 5302 0 5391 0 5449 0 5426 0 5380
5077 0 5287 0 5244 0 5147 0 5025 0 5154 0 5127 0 5361 0 5242 0 5390 0 5055 0 5006 0 0 0 0 0 0 0 0 0 0 0 0 0 0 0 0 0 0 0 0 0 0 0 0 0 0 0 0 0 0 0 0 0 0 0 0 0 0 0 0 0 0 0 0 0 0 0 0 0 0 0 0 0 0 0 0 0 0 0 0 0 0 0 0 0 0 0 0 0 0 0 0 0 0 0 0 0 0 0 0 0 0 0 0 0 0 0 0 0 0 0 0 0 0 5201 0 5334 0 5282 0 5321 0 5191 0 5118 0 5200 0 5405 0 5226 0 5278 0 5357 0 5447
5238 0 5494 0 5342 0 5269 0 5407 0 5421 0 5050 0 5063 0 5253 0 5260 0 5454 0 5197 0 5436 5018 5081 5240 5329 5078 5335 5454 5141 5176 5027 5462 5152 5279 5200 5236 5225 5185 5220 5267 5362 5224 5360 5328 5419 5393 5427 5330 5207 5409 5308 5474 5014 5388 5406 5161 5251 5085 5362 5247 5407 5270 5166 5377 5496 5352 5287 5179 5141 5329 5475 5019 5199 5265 5002 5095 5108 5017 5365 5041 5166 5328 5013 5177 5136 5042 5193 5476 5057 5461 5185 5486 5372 5401 5219 5125 5485 5196 5168 5421 5054 5420 5052 5493 5099 5110 5018 5161 5383 5379 5044 5098 0 5388 0 5493 0 5129 0 5338 0 5039 0 5121 0 5437 0 5348 0 5369 0 5157 0 5365 0 5273
5203 0 5111 0 5249 0 5274 0 5105 0 5383 0 5071 0 5308 0 5106 0 5312 0 5102 0 5174 0 5189 0 0 0 0 0 0 0 0 0 0 0 0 0 0 0 0 0 0 0 0 0 0 0 0 0 0 0 0 0 0 0 0 0 0 0 0 0 0 0 0 0 0 0 0 0 0 0 0 0 0 0 0 0 0 0 0 0 0 0 0 0 0 0 0 0 0 0 0 0 0 0 0 0 0 0 0 0 0 0 0 0 0 0 0 0 0 0 0 0 0 5287 0 5098 0 5021 0 5226 0 5011 0 5312 0 5295 0 5154 0 5220 0 5472 0 5468 0 5188 0 5315
5397 0 5137 0 5282 0 5443 0 5175 0 5038 0 5084 0 5441 0 5200 0 5275 0 5473 0 5177 0 5363 0 5469 5410 5315 5063 5403 5417 5227 5374 5084 5413 5169 5254 5044 5462 5015 5275 5218 5067 5215 5448 5357 5219 5360 5422 5311 5220 5305 5281 5036 5444 5300 5063 5068 5045 5073 5302 5049 5041 5316 5302 5165 5415 5200 5127 5079 5250 5158 5132 5010 5027 5350 5440 5111 5115 5391 5289 5106 5439 5348 5362 5462 5003 5377 5394 5232 5172 5270 5354 5238 5229 5376 5377 5136 5031 5142 5014 5290 5056 5449 5479 5342 5312 5306 5164 5120 5064 5108 5359 0 5498 0 5265 0 5033 0 5106 0 5208 0 5116 0 5341 0 5457 0 5069 0 5287 0 5069 0 5114 0 5446
5274 0 5243 0 5061 0 5119 0 5144 0 5328 0 5153 0 5486 0 5151 0 5224 0 5273 0 5226 0 5021 0 5418 0 0 0 0 0 0 0 0 0 0 0 0 0 0 0 0 0 0 0 0 0 0 0 0 0 0 0 0 0 0 0 0 0 0 0 0 0 0 0 0 0 0 0 0 0 0 0 0 0 0 0 0 0 0 0 0 0 0 0 0 0 0 0 0 0 0 0 0 0 0 0 0 0 0 0 0 0 0 0 0 0 0 0 0 0 0 5055 0 5252 0 5022 0 5481 0 5450 0 5491 0 5215 0 5083 0 5370 0 5409 0 5168 0 5376 0 5301 0 5386
5446 0 5324 0 5147 0 5108 0 5414 0 5306 0 5107 0 5252 0 5130 0 5008 0 5062 0 5004 0 5163 0 5277 0 5023 5102 5396 5008 5126 5315 5477 5343 5457 5300 5166 5377 5482 5268 5313 5431 5056 5108 5095 5406 5421 5104 5433 5151 5475 5122 5251 5114 5392 5221 5284 5165 5268 5136 5355 5441 5089 5304 5128 5496 5469 5437 5262 5319 5269 5181 5414 5467 5280 5180 5134 5315 5005 5150 5093 5012 5202 5399 5072 5470 5145 5268 5248 5219 5385 5156 5110 5195 5272 5297 5160 5062 5345 5002 5354 5206 5449 5431 5419 5079 5172 5173 5253 5466 0 5026 0 5260 0 5291 0 5086 0 5357 0 5029 0 5173 0 5092 0 5288 0 5103 0 5386 0 5358 0 5458 0 5491
5052 0 5296 0 5346 0 5211 0 5358 0 5085 0 5239 0 5497 0 5157 0 5189 0 5144 0 5480 0 5194 0 5327 0 5218 0 0 0 0 0 0 0 0 0 0 0 0 0 0 0 0 0 0 0 0 0 0 0 0 0 0 0 0 0 0 0 0 0 0 0 0 0 0 0 0 0 0 0 0 0 0 0 0 0 0 0 0 0 0 0 0 0 0 0 0 0 0 0 0 0 0 0 0 0 0 0 0 0 0 0 0 0 0 0 0 0 0 5480 0 5222 0 5052 0 5460 0 5313 0 5500 0 5085 0 5314 0 5474 0 5186 0 5370 0 5083 0 5347 0 5457 0 5267
5281 0 5027 0 5300 0 5042 0 5219 0 5370 0 5020 0 5160 0 5261 0 5154 0 5054 0 5155 0 5422 0 5472 0 5277 0 5032 5188 5318 5242 5369 5091 5271 5334 5161 5398 5089 5273 5141 5083 5352 5043 5389 5488 5141 5484 5032 5226 5087 5200 5289 5240 5095 5415 5105 5240 5352 5271 5024 5218 5028 5296 5431 5497 5213 5177 5191 5103 5172 5027 5432 5111 5404 5304 5101 5470 5353 5212 5069 5480 5106 5226 5056 5013 5071 5413 5216 5127 5188 5431 5407 5176 5076 5331 5047 5407 5212 5443 5419 5196 5275 5100 5491 5072 5150 5477 0 5204 0 5084 0 5203 0 5057 0 5496 0 5451 0 5008 0 5398 0 5364 0 5032 0 5396 0 5138 0 5197 0 5388 0 5089
5349 0 5386 0 5322 0 5434 0 5219 0 5246 0 5118 0 5290 0 5299 0 5039 0 5010 0 5084 0 5355 0 5153 0 5154 0 5258 0 0 0 0 0 0 0 0 0 0 0 0 0 0 0 0 0 0 0 0 0 0 0 0 0 0 0 0 0 0 0 0 0 0 0 0 0 0 0 0 0 0 0 0 0 0 0 0 0 0 0 0 0 0 0 0 0 0 0 0 0 0 0 0 0 0 0 0 0 0 0 0 0 0 0 0 0 0 5190 0 5283 0 5109 0 5223 0 5304 0 5020 0 5298 0 5336 0 5298 0 5226 0 5237 0 5392 0 5429 0 5438 0 5369 0 5189
5273 0 5158 0 5333 0 5252 0 5364 0 5196 0 5016 0 5216 0 5158 0 5286 0 5378 0 5285 0 5179 0 5271 0 5296 0 5452 0 5250 5287 5444 5070 5007 5167 5197 5007 5010 5461 5316 5487 5036 5020 5199 5029 5202 5147 5355 5282 5019 5164 5321 5031 5311 5184 5092 5059 5324 5397 5042 5404 5105 5002 5228 5189 5021 5444 5141 5492 5201 5454 5135 5279 5374 5162 5214 5403 5325 5180 5007 5373 5480 5058 5286 5415 5225 5323 5308 5440 5431 5290 5176 5114 5327 5099 5475 5103 5244 5256 5387 5223 5253 5257 5054 5289 0 5088 0 5174 0 5069 0 5394 0 5353 0 5162 0 5258 0 5497 0 5178 0 5187 0 5074 0 5020 0 5251 0 5111 0 5028 0 5339
5408 0 5333 0 5094 0 5058 0 5258 0 5145 0 5254 0 5359 0 5476 0 5193 0 5151 0 5266 0 5422 0 5127 0 5458 0 5241 0 5223 0 0 0 0 0 0 0 0 0 0 0 0 0 0 0 0 0 0 0 0 0 0 0 0 0 0 0 0 0 0 0 0 0 0 0 0 0 0 0 0 0 0 0 0 0 0 0 0 0 0 0 0 0 0 0 0 0 0 0 0 0 0 0 0 0 0 0 0 0 0 0 0 0 0 5401 0 5482 0 5365 0 5199 0 5247 0 5253 0 5433 0 5314 0 5323 0 5332 0 5415 0 5247 0 5499 0 5116 0 5273 0 5228 0 5162
5196 0 5063 0 5445 0 5433 0 5468 0 5030 0 5096 0 5477 0 5300 0 5056 0 5485 0 5331 0 5207 0 5114 0 5239 0 5245 0 5088 0 5259 5196 5475 5336 5206 5060 5367 5186 5444 5065 5425 5477 5372 5148 5090 5498 5184 5020 5052 5123 5400 5242 5005 5061 5016 5056 5294 5475 5391 5348 5235 5167 5252 5114 5073 5150 5099 5230 5344 5490 5393 5130 5248 5292 5356 5179 5415 5347 5319 5184 5093 5237 5170 5140 5495 5020 5256 5179 5073 5045 5482 5146 5121 5170 5263 5017 5296 5384 5234 5210 5375 5272 0 5389 0 5047 0 5488 0 5114 0 5014 0 5302 0 5092 0 5130 0 5329 0 5394 0 5479 0 5410 0 5442 0 5317 0 5118 0 5075 0 5110
5016 0 5448 0 5362 0 5263 0 5426 0 5409 0 5140 0 5145 0 5446 0 5199 0 5443 0 5338 0 5139 0 5333 0 5392 0 5325 0 5391 0 5485 0 0 0 0 0 0 0 0 0 0 0 0 0 0 0 0 0 0 0 0 0 0 0 0 0 0 0 0 0 0 0 0 0 0 0 0 0 0 0 0 0 0 0 0 0 0 0 0 0 0 0 0 0 0 0 0 0 0 0 0 0 0 0 0 0 0 0 0 0 0 5201 0 5154 0 5368 0 5006 0 5023 0 5188 0 5042 0 5327 0 5456 0 5369 0 5294 0 5279 0 5342 0 5285 0 5419 0 5430 0 5106 0 5297
5056 0 5317 0 5021 0 5200 0 5352 0 5322 0 5196 0 5160 0 5062 0 5340 0 5181 0 5246 0 5172 0 5264 0 5083 0 5086 0 5327 0 5111 0 5324 5213 5492 5122 5467 5334 5123 5473 5306 5008 5463 5466 5343 5210 5349 5399 5454 5165 5115 5183 5022 5410 5428 5099 5045 5153 5345 5477 5237 5354 5153 5015 5410 5214 5198 5378 5272 5434 5486 5168 5391 5297 5286 5469 5274 5036 5080 5245 5416 5137 5078 5488 5402 5385 5309 5318 5310 5100 5429 5101 5124 5012 5145 5119 5247 5109 5372 5079 0 5211 0 5337 0 5024 0 5143 0 5393 0 5250 0 5364 0 5409 0 5124 0 5248 0 5229 0 5314 0 5139 0 5155 0 5326 0 5335 0 5436 0 5386
5121 0 5035 0 5164 0 5299 0 5280 0 5473 0 5310 0 5045 0 5420 0 5262 0 5093 0 5073 0 5283 0 5195 0 5470 0 5005 0 5091 0 5275 0 5363 0 0 0 0 0 0 0 0 0 0 0 0 0 0 0 0 0 0 0 0 0 0 0 0 0 0 0 0 0 0 0 0 0 0 0 0 0 0 0 0 0 0 0 0 0 0 0 0 0 0 0 0 0 0 0 0 0 0 0 0 0 0 0 0 0 0 5041 0 5482 0 5333 0 5260 0 5488 0 5269 0 5117 0 5382 0 5178 0 5320 0 5476 0 5498 0 5142 0 5337 0 5383 0 5242 0 5195 0 5437 0 5402
5259 0 5438 0 5013 0 5450 0 5001 0 5396 0 5362 0 5460 0 5305 0 5275 0 5191 0 5313 0 5371 0 5241 0 5259 0 5186 0 5487 0 5198 0 5391 0 5249 5210 5375 5013 5338 5452 5288 5166 5302 5057 5489 5400 5312 5007 5430 5330 5398 5337 5260 5314 5368 5448 5079 5324 5352 5489 5244 5082 5007 5440 5328 5404 5014 5365 5418 5422 5240 5368 5277 5100 5396 5058 5304 5495 5029 5463 5211 5276 5099 5394 5155 5429 5088 5462 5223 5273 5030 5479 5484 5121 5269 5023 5274 5275 0 5221 0 5265 0 5488 0 5089 0 5413 0 5422 0 5245 0 5328 0 5389 0 5443 0 5247 0 5469 0 5091 0 5238 0 5470 0 5241 0 5019 0 5292 0 5358
5122 0 5015 0 5266 0 5107 0 5015 0 5207 0 5388 0 5400 0 5359 0 5391 0 5413 0 5089 0 5389 0 5040 0 5253 0 5233 0 5009 0 5167 0 5242 0 5265 0 0 0 0 0 0 0 0 0 0 0 0 0 0 0 0 0 0 0 0 0 0 0 0 0 0 0 0 0 0 0 0 0 0 0 0 0 0 0 0 0 0 0 0 0 0 0 0 0 0 0 0 0 0 0 0 0 0 0 0 0 0 5179 0 5268 0 5110 0 5104 0 5273 0 5326 0 5045 0 5138 0 5047 0 5288 0 5388 0 5368 0 5098 0 5238 0 5252 0 5389 0 5107 0 5107 0 5325 0 5277
5031 0 5021 0 5193 0 5321 0 5371 0 5136 0 5052 0 5002 0 5003 0 5007 0 5393 0 5332 0 5327 0 5172 0 5497 0 5357 0 5477 0 5061 0 5044 0 5339 0 5350 5351 5070 5241 5074 5230 5074 5387 5408 5215 5480 5233 5149 5362 5482 5355 5471 5144 5083 5072 5401 5029 5025 5165 5012 5241 5379 5349 5292 5143 5432 5314 5486 5001 5091 5278 5468 5124 5450 5081 5107 5173 5236 5484 5139 5458 5219 5330 5059 5491 5172 5020 5335 5271 5316 5090 5015 5111 5065 5397 0 5463 0 5368 0 5435 0 5229 0 5046 0 5266 0 5413 0 5269 0 5315 0 5471 0 5340 0 5451 0 5214 0 5231 0 5381 0 5294 0 5401 0 5047 0 5351 0 5354
5159 0 5411 0 5050 0 5189 0 5363 0 5249 0 5028 0 5039 0 5036 0 5083 0 5445 0 5416 0 5300 0 5301 0 5029 0 5112 0 5490 0 5427 0 5024 0 5004 0 5184 0 0 0 0 0 0 0 0 0 0 0 0 0 0 0 0 0 0 0 0 0 0 0 0 0 0 0 0 0 0 0 0 0 0 0 0 0 0 0 0 0 0 0 0 0 0 0 0 0 0 0 0 0 0 0 0 0 0 5059 0 5409 0 5388 0 5133 0 5486 0 5294 0 5275 0 5088 0 5175 0 5359 0 5403 0 5082 0 5418 0 5199 0 5223 0 5118 0 5037 0 5421 0 5296 0 5346 0 5267
5399 0 5381 0 5274 0 5297 0 5462 0 5068 0 5205 0 5020 0 5013 0 5404 0 5034 0 5466 0 5192 0 5093 0 5145 0 5432 0 5083 0 5198 0 5063 0 5189 0 5251 0 5062 5262 5419 5108 5118 5445 5468 5395 5097 5185 5036 5227 5045 5173 5117 5302 5483 5301 5220 5314 5462 5369 5026 5453 5210 5350 5276 5173 5241 5485 5088 5299 5293 5123 5143 5333 5458 5486 5216 5489 5481 5295 5213 5155 5484 5118 5103 5045 5015 5266 5158 5095 5009 5335 5494 5345 0 5115 0 5286 0 5265 0 5493 0 5423 0 5228 0 5071 0 5184 0 5245 0 5068 0 5336 0 5401 0 5258 0 5372 0 5459 0 5429 0 5134 0 5142 0 5284 0 5008 0 5150
5379 0 5073 0 5045 0 5262 0 5430 0 5420 0 5442 0 5335 0 5272 0 5282 0 5434 0 5398 0 5174 0 5165 0 5225 0 5384 0 5494 0 5048 0 5406 0 5058 0 5191 0 5171 0 0 0 0 0 0 0 0 0 0 0 0 0 0 0 0 0 0 0 0 0 0 0 0 0 0 0 0 0 0 0 0 0 0 0 0 0 0 0 0 0 0 0 0 0 0 0 0 0 0 0 0 0 0 5030 0 5030 0 5064 0 5012 0 5112 0 5404 0 5477 0 5014 0 5305 0 5175 0 5167 0 5486 0 5466 0 5321 0 5162 0 5176 0 5366 0 5016 0 5236 0 5402 0 5075 0 5244
5462 0 5066 0 5450 0 5255 0 5332 0 5145 0 5236 0 5193 0 5171 0 5190 0 5453 0 5055 0 5089 0 5313 0 5286 0 5124 0 5242 0 5034 0 5436 0 5470 0 5492 0 5237 0 5435 5066 5380 5085 5160 5185 5106 5395 5259 5132 5433 5347 5464 5081 5432 5347 5322 5460 5464 5263 5074 5440 5337 5418 5085 5424 5134 5107 5161 5018 5385 5482 5073 5355 5403 5400 5278 5353 5473 5400 5286 5392 5176 5224 5044 5177 5337 5472 5109 5276 5084 5062 0 5290 0 5309 0 5053 0 5361 0 5104 0 5411 0 5027 0 5449 0 5133 0 5364 0 5341 0 5130 0 5024 0 5019 0 5001 0 5386 0 5038 0 5332 0 5494 0 5433 0 5192 0 5426
5190 0 5019 0 5161 0 5233 0 5118 0 5269 0 5377 0 5243 0 5013 0 5423 0 5328 0 5317 0 5246 0 5383 0 5166 0 5279 0 5449 0 5055 0 5257 0 5266 0 5383 0 5400 0 5036 0 0 0 0 0 0 0 0 0 0 0 0 0 0 0 0 0 0 0 0 0 0 0 0 0 0 0 0 0 0 0 0 0 0 0 0 0 0 0 0 0 0 0 0 0 0 0 0 0 0 5107 0 5229 0 5237 0 5224 0 5348 0 5018 0 5100 0 5346 0 5174 0 5148 0 5060 0 5400 0 5243 0 5312 0 5171 0 5210 0 5088 0 5253 0 5319 0 5393 0 5398 0 5364 0 5012
5367 0 5086 0 5146 0 5078 0 5385 0 5093 0 5408 0 5434 0 5073 0 5195 0 5050 0 5011 0 5191 0 5310 0 5488 0 5292 0 5077 0 5114 0 5097 0 5213 0 5051 0 5033 0 5449 0 5006 5330 5088 5110 5183 5006 5219 5056 5496 5162 5131 5120 5467 5363 5496 5153 5394 5238 5270 5294 5237 5226 5249 5454 5359 5202 5349 5429 5492 5091 5060 5257 5031 5440 5375 5312 5354 5075 5395 5105 5266 5155 5262 5106 5189 5414 5375 5317 0 5235 0 5229 0 5238 0 5267 0 5386 0 5035 0 5034 0 5215 0 5496 0 5460 0 5288 0 5366 0 5018 0 5315 0 5275 0 5134 0 5083 0 5165 0 5499 0 5050 0 5010 0 5298 0 5469
5362 0 5213 0 5131 0 5037 0 5017 0 5279 0 5202 0 5207 0 5201 0 5167 0 5478 0 5172 0 5049 0 5500 0 5031 0 5080 0 5091 0 5321 0 5350 0 5036 0 5412 0 5319 0 5468 0 5139 0 0 0 0 0 0 0 0 0 0 0 0 0 0 0 0 0 0 0 0 0 0 0 0 0 0 0 0 0 0 0 0 0 0 0 0 0 0 0 0 0 0 0 0 0 0 5187 0 5352 0 5343 0 5096 0 5083 0 5082 0 5135 0 5413 0 5363 0 5302 0 5404 0 5487 0 5070 0 5436 0 5168 0 5020 0 5092 0 5288 0 5088 0 5352 0 5295 0 5133 0 5477 0 5137
5429 0 5165 0 5133 0 5337 0 5194 0 5015 0 5170 0 5296 0 5305 0 5157 0 5096 0 5408 0 5121 0 5253 0 5330 0 5031 0 5377 0 5211 0 5122 0 5464 0 5435 0 5406 0 5439 0 5121 0 5327 5354 5277 5323 5383 5271 5241 5010 5447 5097 5238 5241 5243 5284 5013 5142 5397 5042 5184 5168 5196 5346 5058 5481 5052 5212 5249 5168 5390 5396 5186 5421 5412 5124 5199 5369 5249 5369 5221 5312 5113 5092 5204 5005 0 5290 0 5334 0 5199 0 5356 0 5162 0 5435 0 5063 0 5388 0 5264 0 5195 0 5119 0 5187 0 5170 0 5486 0 5010 0 5279 0 5268 0 5391 0 5048 0 5401 0 5065 0 5299 0 5341 0 5054
5482 0 5164 0 5498 0 5362 0 5367 0 5252 0 5399 0 5226 0 5351 0 5148 0 5031 0 5025 0 5113 0 5465 0 5192 0 5024 0 5268 0 5322 0 5467 0 5433 0 5386 0 5427 0 5121 0 5308 0 5269 0 0 0 0 0 0 0 0 0 0 0 0 0 0 0 0 0 0 0 0 0 0 0 0 0 0 0 0 0 0 0 0 0 0 0 0 0 0 0 0 0 0 5384 0 5003 0 5032 0 5123 0 5154 0 5025 0 5148 0 5189 0 5459 0 5486 0 5084 0 5099 0 5084 0 5113 0 5439 0 5285 0 5175 0 5002 0 5162 0 5276 0 5303 0 5479 0 5099 0 5439 0 5383
5026 0 5140 0 5064 0 5005 0 5025 0 5199 0 5372 0 5035 0 5428 0 5295 0 5313 0 5416 0 5497 0 5082 0 5296 0 5325 0 5054 0 5384 0 5265 0 5062 0 5199 0 5159 0 5339 0 5023 0 5056 0 5132 5367 5375 5120 5274 5447 5452 5415 5001 5138 5310 5205 5225 5068 5178 5464 5265 5287 5131 5384 5462 5286 5124 5352 5239 5299 5160 5441 5093 5132 5230 5328 5039 5398 5224 5095 5106 5194 5426 5343 0 5443 0 5384 0 5433 0 5232 0 5327 0 5160 0 5303 0 5121 0 5366 0 5228 0 5215 0 5381 0 5408 0 5375 0 5114 0 5232 0 5489 0 5174 0 5036 0 5390 0 5046 0 5092 0 5353 0 5163 0 5048
5318 0 5183 0 5270 0 5023 0 5121 0 5334 0 5109 0 5255 0 5059 0 5067 0 5157 0 5247 0 5329 0 5256 0 5428 0 5158 0 5487 0 5340 0 5036 0 5490 0 5378 0 5110 0 5148 0 5084 0 5425 0 5254 0 0 0 0 0 0 0 0 0 0 0 0 0 0 0 0 0 0 0 0 0 0 0 0 0 0 0 0 0 0 0 0 0 0 0 0 0 0 5124 0 5278 0 5431 0 5373 0 5009 0 5179 0 5274 0 5466 0 5110 0 5390 0 5241 0 5447 0 5277 0 5142 0 5157 0 5306 0 5240 0 5244 0 5309 0 5237 0 5266 0 5364 0 5268 0 5457 0 5221 0 5229
5138 0 5242 0 5005 0 5214 0 5081 0 5146 0 5450 0 5192 0 5408 0 5495 0 5311 0 5447 0 5098 0 5315 0 5047 0 5233 0 5178 0 5088 0 5460 0 5050 0 5085 0 5103 0 5231 0 5074 0 5140 0 5255 0 5121 5180 5112 5279 5183 5046 5455 5119 5463 5346 5487 5109 5117 5277 5067 5466 5011 5248 5295 5243 5035 5443 5016 5226 5312 5178 5296 5240 5333 5133 5331 5449 5268 5096 5450 5247 0 5475 0 5277 0 5172 0 5364 0 5327 0 5104 0 5039 0 5208 0 5336 0 5320 0 5466 0 5048 0 5054 0 5153 0 5312 0 5151 0 5340 0 5382 0 5220 0 5062 0 5013 0 5480 0 5010 0 5400 0 5489 0 5085
5499 0 5330 0 5292 0 5445 0 5138 0 5390 0 5299 0 5264 0 5455 0 5178 0 5123 0 5346 0 5397 0 5007 0 5126 0 5487 0 5321 0 5203 0 5310 0 5391 0 5493 0 5030 0 5385 0 5296 0 5343 0 5402 0 5320 0 0 0 0 0 0 0 0 0 0 0 0 0 0 0 0 0 0 0 0 0 0 0 0 0 0 0 0 0 0 0 0 0 0 5417 0 5294 0 5302 0 5368 0 5016 0 5397 0 5135 0 5462 0 5436 0 5253 0 5384 0 5362 0 5195 0 5398 0 5136 0 5343 0 5332 0 5092 0 5215 0 5284 0 5315 0 5161 0 5292 0 5474 0 5031 0 5423 0 5078
5011 0 5410 0 5275 0 5038 0 5340 0 5006 0 5002 0 5384 0 5051 0 5399 0 5105 0 5238 0 5452 0 5332 0 5157 0 5422 0 5031 0 5136 0 5274 0 5495 0 5495 0 5001 0 5481 0 5437 0 5283 0 5499 0 5027 0 5297 5396 5487 5398 5225 5333 5322 5113 5360 5428 5050 5055 5479 5163 5451 5194 5333 5107 5450 5378 5422 5359 5032 5136 5256 5022 5387 5097 5485 5050 5215 5115 0 5034 0 5135 0 5224 0 5262 0 5235 0 5305 0 5159 0 5451 0 5121 0 5294 0 5357 0 5031 0 5190 0 5187 0 5068 0 5122 0 5367 0 5332 0 5452 0 5202 0 5026 0 5259 0 5436 0 5087 0 5056 0 5187 0 5104
5270 0 5319 0 5027 0 5036 0 5450 0 5099 0 5013 0 5271 0 5339 0 5094 0 5244 0 5246 0 5343 0 5497 0 5098 0 5184 0 5273 0 5081 0 5315 0 5428 0 5061 0 5430 0 5029 0 5243 0 5048 0 5277 0 5228 0 5379 0 0 0 0 0 0 0 0 0 0 0 0 0 0 0 0 0 0 0 0 0 0 0 0 0 0 0 0 0 0 5389 0 5353 0 5364 0 5216 0 5242 0 5240 0 5237 0 5152 0 5189 0 5407 0 5125 0 5281 0 5331 0 5013 0 5233 0 5288 0 5304 0 5447 0 5223 0 5195 0 5484 0 5269 0 5130 0 5426 0 5182 0 5101 0 5078 0 5022
5281 0 5449 0 5066 0 5169 0 5475 0 5073 0 5367 0 5204 0 5295 0 5372 0 5179 0 5016 0 5244 0 5011 0 5122 0 5335 0 5014 0 5289 0 5348 0 5413 0 5368 0 5224 0 5225 0 5295 0 5422 0 5182 0 5354 0 5145 0 5465 5466 5047 5298 5431 5071 5155 5248 5327 5489 5275 5439 5333 5016 5444 5385 5060 5125 5379 5341 5248 5218 5471 5238 5421 5030 5344 5300 0 5170 0 5105 0 5255 0 5321 0 5409 0 5372 0 5193 0 5088 0 5041 0 5255 0 5425 0 5120 0 5192 0 5010 0 5011 0 5431 0 5256 0 5449 0 5302 0 5227 0 5152 0 5418 0 5306 0 5483 0 5312 0 5265 0 5183 0 5369
5166 0 5203 0 5244 0 5401 0 5001 0 5139 0 5293 0 5377 0 5162 0 5122 0 5007 0 5048 0 5134 0 5442 0 5040 0 5038 0 5396 0 5491 0 5112 0 5488 0 5099 0 5122 0 5305 0 5036 0 5185 0 5235 0 5493 0 5324 0 5381 0 0 0 0 0 0 0 0 0 0 0 0 0 0 0 0 0 0 0 0 0 0 0 0 0 0 5015 0 5401 0 5430 0 5432 0 5147 0 5357 0 5495 0 5409 0 5323 0 5262 0 5233 0 5255 0 5452 0 5324 0 5484 0 5037 0 5365 0 5138 0 5130 0 5354 0 5200 0 5206 0 5019 0 5185 0 5133 0 5122 0 5256 0 5077 0 5193
5009 0 5014 0 5314 0 5392 0 5045 0 5454 0 5145 0 5210 0 5195 0 5166 0 5046 0 5267 0 5483 0 5348 0 5322 0 5019 0 5277 0 5214 0 5126 0 5146 0 5391 0 5087 0 5373 0 5072 0 5084 0 5115 0 5052 0 5128 0 5076 0 5278 5063 5210 5372 5049 5365 5461 5262 5047 5114 5415 5251 5138 5456 5225 5183 5164 5036 5277 5086 5093 5477 5451 5203 0 5010 0 5129 0 5082 0 5362 0 5170 0 5425 0 5321 0 5384 0 5372 0 5268 0 5160 0 5091 0 5167 0 5328 0 5444 0 5110 0 5105 0 5082 0 5385 0 5105 0 5429 0 5411 0 5273 0 5066 0 5130 0 5023 0 5050 0 5352 0 5292
5349 0 5435 0 5203 0 5014 0 5286 0 5085 0 5220 0 5407 0 5050 0 5450 0 5261 0 5235 0 5120 0 5009 0 5292 0 5416 0 5126 0 5474 0 5421 0 5079 0 5002 0 5219 0 5347 0 5092 0 5496 0 5016 0 5163 0 5309 0 5054 0 5467 0 0 0 0 0 0 0 0 0 0 0 0 0 0 0 0 0 0 0 0 0 0 5401 0 5103 0 5316 0 5277 0 5226 0 5241 0 5491 0 5283 0 5493 0 5034 0 5182 0 5089 0 5483 0 5404 0 5321 0 5450 0 5452 0 5273 0 5318 0 5078 0 5105 0 5262 0 5454 0 5420 0 5435 0 5059 0 5138 0 5333 0 5276 0 5278
5224 0 5314 0 5312 0 5206 0 5483 0 5081 0 5108 0 5145 0 5207 0 5292 0 5412 0 5358 0 5449 0 5006 0 5047 0 5221 0 5005 0 5134 0 5444 0 5142 0 5458 0 5440 0 5028 0 5208 0 5401 0 5483 0 5349 0 5052 0 5421 0 5367 0 5003 5389 5344 5386 5185 5438 5117 5329 5087 5079 5285 5198 5467 5327 5446 5126 5264 5433 5158 5408 0 5127 0 5336 0 5363 0 5315 0 5394 0 5370 0 5413 0 5047 0 5327 0 5469 0 5211 0 5428 0 5176 0 5174 0 5145 0 5448 0 5377 0 5033 0 5464 0 5230 0 5429 0 5099 0 5495 0 5232 0 5037 0 5244 0 5237 0 5244 0 5363 0 5101
5219 0 5478 0 5362 0 5030 0 5034 0 5428 0 5146 0 5383 0 5215 0 5476 0 5420 0 5241 0 5311 0 5463 0 5370 0 5048 0 5225 0 5442 0 5340 0 5425 0 5448 0 5058 0 5068 0 5495 0 5409 0 5408 0 5475 0 5053 0 5163 0 5298 0 5063 0 0 0 0 0 0 0 0 0 0 0 0 0 0 0 0 0 0 5186 0 5305 0 5238 0 5057 0 5219 0 5392 0 5251 0 5108 0 5101 0 5473 0 5052 0 5388 0 5435 0 5372 0 5359 0 5315 0 5479 0 5112 0 5290 0 5427 0 5477 0 5201 0 5124 0 5009 0 5457 0 5112 0 5067 0 5083 0 5256 0 5040 0 5147
5448 0 5137 0 5310 0 5196 0 5010 0 5399 0 5198 0 5460 0 5179 0 5331 0 5216 0 5299 0 5050 0 5078 0 5413 0 5050 0 5253 0 5293 0 5356 0 5032 0 5147 0 5139 0 5357 0 5095 0 5446 0 5286 0 5365 0 5282 0 5171 0 5331 0 5224 0 5087 5299 5231 5101 5068 5225 5416 5405 5256 5045 5292 5115 5443 5179 5404 5333 0 5485 0 5415 0 5011 0 5258 0 5230 0 5097 0 5179 0 5248 0 5188 0 5275 0 5271 0 5437 0 5070 0 5293 0 5005 0 5255 0 5175 0 5431 0 5007 0 5156 0 5444 0 5389 0 5061 0 5457 0 5424 0 5211 0 5393 0 5286 0 5111 0 5073 0 5119
5269 0 5138 0 5147 0 5331 0 5285 0 5026 0 5051 0 5168 0 5232 0 5114 0 5388 0 5425 0 5464 0 5417 0 5476 0 5034 0 5049 0 5470 0 5120 0 5102 0 5395 0 5167 0 5240 0 5221 0 5250 0 5109 0 5104 0 5333 0 5010 0 5092 0 5361 0 5188 0 0 0 0 0 0 0 0 0 0 0 0 0 0 5293 0 5160 0 5111 0 5424 0 5235 0 5095 0 5376 0 5062 0 5177 0 5137 0 5440 0 5414 0 5374 0 5264 0 5126 0 5043 0 5376 0 5349 0 5407 0 5323 0 5434 0 5428 0 5401 0 5261 0 5125 0 5065 0 5022 0 5493 0 5193 0 5276 0 5064 0 5402
5054 0 5298 0 5278 0 5310 0 5436 0 5465 0 5431 0 5173 0 5404 0 5430 0 5299 0 5270 0 5492 0 5276 0 5366 0 5192 0 5018 0 5385 0 5055 0 5139 0 5075 0 5422 0 5374 0 5017 0 5157 0 5326 0 5429 0 5100 0 5265 0 5095 0 5033 0 5347 0 5048 5158 5353 5429 5201 5288 5162 5157 5023 5362 5284 5306 0 5408 0 5220 0 5400 0 5261 0 5270 0 5222 0 5097 0 5028 0 5021 0 5436 0 5016 0 5071 0 5208 0 5469 0 5007 0 5385 0 5455 0 5444 0 5325 0 5005 0 5434 0 5051 0 5045 0 5480 0 5019 0 5341 0 5364 0 5324 0 5391 0 5483 0 5070 0 5154
5199 0 5203 0 5200 0 5491 0 5071 0 5345 0 5370 0 5248 0 5020 0 5270 0 5489 0 5412 0 5185 0 5364 0 5139 0 5040 0 5139 0 5378 0 5325 0 5300 0 5488 0 5207 0 5216 0 5334 0 5066 0 5416 0 5031 0 5198 0 5479 0 5328 0 5394 0 5104 0 5045 0 0 0 0 0 0 0 0 0 0 5483 0 5152 0 5199 0 5340 0 5017 0 5477 0 5153 0 5296 0 5380 0 5194 0 5268 0 5016 0 5084 0 5467 0 5109 0 5459 0 5132 0 5420 0 5040 0 5136 0 5340 0 5087 0 5384 0 5281 0 5020 0 5252 0 5114 0 5117 0 5216 0 5370 0 5349 0 5494 0 5287
5076 0 5485 0 5312 0 5100 0 5279 0 5474 0 5468 0 5462 0 5006 0 5122 0 5436 0 5123 0 5117 0 5381 0 5088 0 5016 0 5063 0 5332 0 5091 0 5108 0 5487 0 5355 0 5430 0 5407 0 5337 0 5461 0 5351 0 5089 0 5486 0 5128 0 5474 0 5230 0 5451 0 5070 5439 5426 5442 5130 5406 5019 5286 0 5446 0 5438 0 5484 0 5478 0 5320 0 5185 0 5133 0 5286 0 5201 0 5005 0 5043 0 5133 0 5262 0 5324 0 5339 0 5229 0 5074 0 5031 0 5477 0 5129 0 5450 0 5243 0 5244 0 5445 0 5424 0 5424 0 5279 0 5142 0 5102 0 5109 0 5357 0 5152 0 5228
5458 0 5378 0 5476 0 5011 0 5040 0 5336 0 5416 0 5289 0 5478 0 5477 0 5285 0 5248 0 5276 0 5317 0 5025 0 5345 0 5032 0 5134 0 5306 0 5499 0 5231 0 5344 0 5159 0 5347 0 5495 0 5069 0 5165 0 5144 0 5468 0 5436 0 5033 0 5491 0 5282 0 5003 0 0 0 0 0 0 5394 0 5312 0 5462 0 5007 0 5381 0 5256 0 5208 0 5002 0 5413 0 5223 0 5243 0 5442 0 5389 0 5282 0 5434 0 5116 0 5154 0 5444 0 5368 0 5146 0 5381 0 5163 0 5055 0 5074 0 5276 0 5468 0 5467 0 5043 0 5131 0 5224 0 5289 0 5163 0 5364 0 5384
5152 0 5007 0 5440 0 5132 0 5170 0 5009 0 5054 0 5052 0 5030 0 5181 0 5464 0 5351 0 5214 0 5193 0 5086 0 5151 0 5065 0 5329 0 5225 0 5142 0 5154 0 5100 0 5457 0 5010 0 5481 0 5046 0 5118 0 5323 0 5112 0 5098 0 5310 0 5004 0 5035 0 5049 0 5222 5353 5091 5013 0 5220 0 5283 0 5045 0 5221 0 5202 0 5182 0 5461 0 5024 0 5321 0 5059 0 5133 0 5210 0 5451 0 5026 0 5274 0 5369 0 5095 0 5162 0 5246 0 5097 0 5477 0 5425 0 5111 0 5016 0 5329 0 5212 0 5188 0 5195 0 5380 0 5309 0 5050 0 5423 0 5172 0 5274
5337 0 5233 0 5274 0 5060 0 5385 0 5311 0 5169 0 5467 0 5473 0 5439 0 5393 0 5397 0 5078 0 5471 0 5128 0 5125 0 5218 0 5188 0 5315 0 5352 0 5073 0 5486 0 5333 0 5211 0 5309 0 5402 0 5098 0 5271 0 5464 0 5193 0 5159 0 5366 0 5135 0 5411 0 5156 0 5179 5029 0 5392 0 5071 0 5435 0 5291 0 5244 0 5369 0 5429 0 5101 0 5257 0 5132 0 5326 0 5071 0 5147 0 5077 0 5407 0 5379 0 5201 0 5341 0 5144 0 5094 0 5398 0 5253 0 5138 0 5392 0 5300 0 5371 0 5454 0 5065 0 5293 0 5346 0 5402 0 5389 0 5453 0 5436
5089 0 5067 0 5055 0 5484 0 5363 0 5477 0 5238 0 5356 0 5263 0 5438 0 5435 0 5047 0 5420 0 5244 0 5067 0 5498 0 5095 0 5359 0 5217 0 5483 0 5175 0 5126 0 5464 0 5012 0 5421 0 5198 0 5086 0 5064 0 5373 0 5490 0 5305 0 5365 0 5125 0 5313 0 5163 0 5178 0 0 5030 0 5444 0 5384 0 5454 0 5156 0 5497 0 5382 0 5010 0 5205 0 5216 0 5330 0 5352 0 5393 0 5203 0 5229 0 5400 0 5036 0 5429 0 5158 0 5077 0 5334 0 5237 0 5434 0 5437 0 5239 0 5082 0 5173 0 5489 0 5133 0 5344 0 5373 0 5047 0 5105 0 5202
5230 0 5432 0 5480 0 5421 0 5131 0 5352 0 5311 0 5097 0 5352 0 5312 0 5480 0 5410 0 5023 0 5221 0 5327 0 5071 0 5304 0 5464 0 5372 0 5265 0 5494 0 5130 0 5240 0 5442 0 5172 0 5249 0 5194 0 5160 0 5315 0 5020 0 5216 0 5087 0 5129 0 5231 0 5362 5184 5060 5484 5049 5033 0 5119 0 5450 0 5348 0 5040 0 5466 0 5042 0 5338 0 5226 0 5069 0 5133 0 5336 0 5281 0 5395 0 5449 0 5133 0 5136 0 5395 0 5466 0 5306 0 5448 0 5015 0 5331 0 5013 0 5107 0 5288 0 5029 0 5132 0 5091 0 5113 0 5121 0 5371 0 5066 0 5035
5040 0 5144 0 5190 0 5220 0 5320 0 5259 0 5200 0 5023 0 5227 0 5418 0 5353 0 5377 0 5132 0 5485 0 5497 0 5340 0 5437 0 5449 0 5151 0 5067 0 5118 0 5425 0 5275 0 5347 0 5013 0 5033 0 5070 0 5266 0 5318 0 5330 0 5219 0 5377 0 5285 0 5203 0 0 0 0 0 0 0 0 5076 0 5420 0 5286 0 5067 0 5424 0 5454 0 5301 0 5144 0 5182 0 5079 0 5388 0 5363 0 5310 0 5074 0 5174 0 5309 0 5326 0 5251 0 5198 0 5396 0 5397 0 5013 0 5228 0 5031 0 5047 0 5258 0 5209 0 5244 0 5282 0 5246 0 5159 0 5355 0 5341
5394 0 5208 0 5485 0 5122 0 5070 0 5059 0 5383 0 5443 0 5168 0 5263 0 5452 0 5172 0 5003 0 5057 0 5251 0 5267 0 5356 0 5269 0 5173 0 5477 0 5405 0 5273 0 5492 0 5133 0 5253 0 5412 0 5055 0 5335 0 5460 0 5341 0 5210 0 5131 0 5158 0 5206 5489 5128 5488 5342 5157 5250 5240 5273 5130 0 5026 0 5190 0 5387 0 5201 0 5302 0 5122 0 5405 0 5325 0 5385 0 5412 0 5499 0 5495 0 5039 0 5101 0 5274 0 5048 0 5165 0 5393 0 5089 0 5009 0 5372 0 5175 0 5288 0 5301 0 5408 0 5283 0 5096 0 5260 0 5437 0 5343 0 5121 0 5244
5243 0 5216 0 5049 0 5393 0 5426 0 5070 0 5373 0 5350 0 5391 0 5227 0 5136 0 5290 0 5219 0 5352 0 5020 0 5251 0 5109 0 5005 0 5064 0 5201 0 5174 0 5415 0 5374 0 5020 0 5149 0 5482 0 5272 0 5013 0 5191 0 5409 0 5244 0 5133 0 5234 0 0 0 0 0 0 0 0 0 0 0 0 5009 0 5340 0 5304 0 5195 0 5300 0 5153 0 5248 0 5458 0 5040 0 5122 0 5484 0 5475 0 5015 0 5208 0 5269 0 5032 0 5155 0 5481 0 5088 0 5029 0 5280 0 5408 0 5133 0 5008 0 5268 0 5251 0 5308 0 5040 0 5278 0 5125 0 5168 0 5156
5060 0 5021 0 5247 0 5072 0 5080 0 5419 0 5458 0 5202 0 5075 0 5243 0 5050 0 5326 0 5044 0 5440 0 5176 0 5474 0 5409 0 5311 0 5310 0 5380 0 5096 0 5444 0 5469 0 5058 0 5495 0 5153 0 5410 0 5018 0 5009 0 5331 0 5066 0 5361 0 5496 5464 5067 5237 5448 5294 5421 5136 5044 5369 5201 5269 5286 5204 0 5336 0 5300 0 5322 0 5308 0 5002 0 5164 0 5414 0 5111 0 5336 0 5378 0 5240 0 5216 0 5066 0 5384 0 5492 0 5211 0 5390 0 5402 0 5039 0 5220 0 5022 0 5461 0 5324 0 5383 0 5016 0 5356 0 5077 0 5080 0 5058 0 5018 0 5347
5079 0 5170 0 5431 0 5315 0 5123 0 5389 0 5286 0 5443 0 5119 0 5029 0 5203 0 5110 0 5486 0 5458 0 5144 0 5497 0 5137 0 5467 0 5431 0 5133 0 5136 0 5105 0 5218 0 5118 0 5465 0 5107 0 5099 0 5063 0 5152 0 5170 0 5096 0 5009 0 0 0 0 0 0 0 0 0 0 0 0 0 0 0 0 5090 0 5338 0 5266 0 5297 0 5129 0 5309 0 5001 0 5370 0 5205 0 5004 0 5030 0 5341 0 5421 0 5005 0 5085 0 5382 0 5313 0 5375 0 5101 0 5495 0 5208 0 5091 0 5472 0 5105 0 5206 0 5072 0 5037 0 5268 0 5197 0 5479 0 5026
5317 0 5322 0 5179 0 5237 0 5311 0 5376 0 5056 0 5464 0 5133 0 5097 0 5469 0 5308 0 5352 0 5197 0 5480 0 5204 0 5480 0 5412 0 5240 0 5402 0 5176 0 5271 0 5332 0 5315 0 5197 0 5494 0 5191 0 5171 0 5046 0 5033 0 5163 0 5322 5367 5336 5074 5357 5204 5360 5199 5239 5421 5215 5065 5342 5261 5345 5062 5398 5477 0 5386 0 5419 0 5097 0 5066 0 5437 0 5008 0 5005 0 5167 0 5233 0 5129 0 5032 0 5487 0 5096 0 5124 0 5016 0 5173 0 5382 0 5308 0 5395 0 5380 0 5472 0 5019 0 5329 0 5205 0 5274 0 5464 0 5128 0 5433 0 5275 0 5366
5007 0 5025 0 5191 0 5313 0 5487 0 5453 0 5143 0 5442 0 5066 0 5468 0 5355 0 5278 0 5182 0 5176 0 5050 0 5396 0 5237 0 5078 0 5166 0 5078 0 5128 0 5126 0 5277 0 5390 0 5426 0 5389 0 5098 0 5127 0 5254 0 5280 0 5125 0 0 0 0 0 0 0 0 0 0 0 0 0 0 0 0 0 0 0 0 5463 0 5440 0 5328 0 5129 0 5363 0 5405 0 5081 0 5045 0 5338 0 5270 0 5199 0 5018 0 5133 0 5015 0 5173 0 5451 0 5405 0 5286 0 5144 0 5397 0 5077 0 5302 0 5237 0 5407 0 5016 0 5456 0 5233 0 5057 0 5131 0 5144
5145 0 5354 0 5232 0 5124 0 5390 0 5029 0 5409 0 5111 0 5226 0 5452 0 5225 0 5398 0 5489 0 5109 0 5013 0 5197 0 5070 0 5336 0 5393 0 5277 0 5035 0 5474 0 5006 0 5354 0 5407 0 5497 0 5322 0 5438 0 5023 0 5294 0 5296 5091 5062 5320 5493 5094 5147 5450 5481 5180 5466 5137 5486 5209 5387 5181 5104 5026 5107 5187 5128 5449 0 5218 0 5061 0 5114 0 5469 0 5017 0 5327 0 5103 0 5328 0 5420 0 5452 0 5152 0 5432 0 5383 0 5070 0 5320 0 5066 0 5099 0 5475 0 5082 0 5366 0 5028 0 5204 0 5174 0 5149 0 5127 0 5251 0 5330 0 5384 0 5381
5256 0 5063 0 5128 0 5287 0 5152 0 5162 0 5047 0 5156 0 5109 0 5436 0 5228 0 5078 0 5470 0 5355 0 5441 0 5031 0 5011 0 5331 0 5100 0 5175 0 5411 0 5414 0 5489 0 5351 0 5447 0 5420 0 5204 0 5247 0 5482 0 5251 0 0 0 0 0 0 0 0 0 0 0 0 0 0 0 0 0 0 0 0 0 0 0 0 5183 0 5262 0 5174 0 5002 0 5110 0 5145 0 5272 0 5078 0 5258 0 5015 0 5479 0 5053 0 5424 0 5266 0 5489 0 5413 0 5398 0 5009 0 5311 0 5134 0 5379 0 5199 0 5322 0 5367 0 5296 0 5094 0 5307 0 5327 0 5113
5358 0 5320 0 5392 0 5307 0 5040 0 5030 0 5230 0 5345 0 5366 0 5333 0 5034 0 5318 0 5068 0 5153 0 5016 0 5497 0 5346 0 5139 0 5068 0 5065 0 5475 0 5235 0 5134 0 5028 0 5087 0 5303 0 5258 0 5015 0 5163 0 5229 5031 5120 5047 5219 5397 5393 5223 5195 5237 5187 5110 5093 5001 5065 5284 5102 5432 5229 5064 5046 5270 5207 5194 5275 5053 0 5255 0 5084 0 5469 0 5484 0 5400 0 5105 0 5324 0 5009 0 5042 0 5192 0 5306 0 5100 0 5042 0 5251 0 5357 0 5012 0 5066 0 5049 0 5313 0 5225 0 5343 0 5097 0 5257 0 5371 0 5468 0 5455 0 5421 0 5203
5307 0 5260 0 5430 0 5283 0 5073 0 5488 0 5400 0 5435 0 5251 0 5130 0 5345 0 5376 0 5259 0 5417 0 5332 0 5303 0 5231 0 5437 0 5316 0 5213 0 5403 0 5456 0 5446 0 5073 0 5221 0 5285 0 5313 0 5335 0 5396 0 0 0 0 0 0 0 0 0 0 0 0 0 0 0 0 0 0 0 0 0 0 0 0 0 0 0 0 5231 0 5396 0 5267 0 5228 0 5268 0 5141 0 5119 0 5173 0 5237 0 5374 0 5066 0 5020 0 5069 0 5066 0 5039 0 5379 0 5055 0 5360 0 5284 0 5391 0 5224 0 5132 0 5499 0 5458 0 5095 0 5337 0 5200 0 5311
5495 0 5270 0 5444 0 5391 0 5182 0 5021 0 5445 0 5463 0 5157 0 5397 0 5361 0 5179 0 5278 0 5045 0 5276 0 5492 0 5286 0 5289 0 5487 0 5338 0 5454 0 5438 0 5313 0 5470 0 5442 0 5189 0 5401 0 5151 0 5245 5431 5039 5121 5201 5406 5035 5004 5013 5286 5156 5203 5119 5399 5426 5394 5204 5366 5135 5420 5487 5243 5087 5090 5013 5133 5296 5164 5219 5372 0 5090 0 5286 0 5322 0 5375 0 5140 0 5103 0 5479 0 5319 0 5407 0 5486 0 5110 0 5422 0 5455 0 5005 0 5343 0 5138 0 5304 0 5362 0 5022 0 5008 0 5208 0 5453 0 5284 0 5433 0 5115 0 5067 0 5139
5438 0 5321 0 5174 0 5111 0 5389 0 5281 0 5235 0 5046 0 5483 0 5210 0 5109 0 5046 0 5178 0 5164 0 5102 0 5322 0 5277 0 5057 0 5199 0 5113 0 5021 0 5326 0 5466 0 5237 0 5128 0 5456 0 5213 0 5099 0 0 0 0 0 0 0 0 0 0 0 0 0 0 0 0 0 0 0 0 0 0 0 0 0 0 0 0 0 0 0 0 5018 0 5233 0 5035 0 5394 0 5317 0 5048 0 5318 0 5022 0 5027 0 5469 0 5256 0 5349 0 5189 0 5235 0 5371 0 5005 0 5362 0 5380 0 5021 0 5401 0 5021 0 5043 0 5106 0 5298 0 5296 0 5137 0 5460
5394 0 5178 0 5380 0 5266 0 5468 0 5312 0 5216 0 5213 0 5286 0 5342 0 5123 0 5410 0 5486 0 5430 0 5204 0 5233 0 5162 0 5190 0 5143 0 5029 0 5477 0 5386 0 5217 0 5024 0 5478 0 5225 0 5431 0 5063 5499 5167 5056 5298 5078 5428 5446 5073 5456 5423 5128 5095 5028 5181 5342 5321 5340 5218 5184 5206 5192 5123 5015 5022 5322 5261 5242 5060 5228 5064 5480 5217 5496 0 5455 0 5149 0 5451 0 5368 0 5384 0 5331 0 5229 0 5286 0 5063 0 5398 0 5256 0 5484 0 5221 0 5331 0 5173 0 5060 0 5266 0 5419 0 5066 0 5051 0 5090 0 5254 0 5466 0 5407 0 5094 0 5121
5119 0 5202 0 5354 0 5395 0 5336 0 5345 0 5368 0 5441 0 5258 0 5461 0 5129 0 5038 0 5004 0 5425 0 5339 0 5254 0 5141 0 5393 0 5199 0 5277 0 5345 0 5440 0 5222 0 5340 0 5399 0 5290 0 5326 0 0 0 0 0 0 0 0 0 0 0 0 0 0 0 0 0 0 0 0 0 0 0 0 0 0 0 0 0 0 0 0 0 0 0 0 5465 0 5221 0 5390 0 5174 0 5414 0 5183 0 5006 0 5228 0 5379 0 5318 0 5334 0 5126 0 5469 0 5017 0 5192 0 5396 0 5489 0 5137 0 5491 0 5116 0 5198 0 5206 0 5486 0 5413 0 5362 0 5412
5147 0 5197 0 5160 0 5424 0 5490 0 5109 0 5266 0 5283 0 5138 0 5226 0 5129 0 5300 0 5441 0 5074 0 5166 0 5324 0 5036 0 5480 0 5149 0 5173 0 5277 0 5004 0 5354 0 5137 0 5155 0 5118 0 5241 5285 5471 5363 5456 5163 5380 5262 5072 5146 5040 5219 5239 5055 5309 5357 5030 5429 5270 5275 5262 5488 5045 5057 5148 5461 5043 5027 5474 5195 5219 5466 5370 5145 5207 5465 5210 5036 0 5158 0 5329 0 5251 0 5361 0 5500 0 5321 0 5301 0 5156 0 5339 0 5467 0 5414 0 5453 0 5491 0 5111 0 5451 0 5134 0 5009 0 5324 0 5368 0 5302 0 5076 0 5022 0 5124 0 5002 0 5347
5219 0 5195 0 5418 0 5145 0 5071 0 5419 0 5275 0 5025 0 5277 0 5346 0 5298 0 5085 0 5281 0 5486 0 5226 0 5431 0 5291 0 5281 0 5110 0 5055 0 5164 0 5207 0 5450 0 5131 0 5078 0 5192 0 0 0 0 0 0 0 0 0 0 0 0 0 0 0 0 0 0 0 0 0 0 0 0 0 0 0 0 0 0 0 0 0 0 0 0 0 0 0 0 5053 0 5227 0 5271 0 5013 0 5445 0 5316 0 5267 0 5208 0 5088 0 5246 0 5085 0 5106 0 5464 0 5111 0 5440 0 5079 0 5160 0 5348 0 5285 0 5460 0 5213 0 5095 0 5005 0 5108 0 5375
5007 0 5254 0 5152 0 5382 0 5248 0 5318 0 5252 0 5335 0 5269 0 5355 0 5141 0 5424 0 5237 0 5438 0 5425 0 5267 0 5406 0 5408 0 5238 0 5327 0 5069 0 5170 0 5106 0 5246 0 5281 0 5124 5240 5476 5408 5452 5208 5096 5023 5209 5261 5359 5294 5092 5065 5238 5372 5005 5148 5041 5396 5254 5135 5246 5077 5403 5005 5225 5054 5221 5470 5228 5434 5363 5238 5030 5023 5321 5335 5002 5235 5135 5089 0 5193 0 5242 0 5043 0 5376 0 5423 0 5357 0 5264 0 5297 0 5122 0 5086 0 5200 0 5253 0 5259 0 5142 0 5043 0 5311 0 5057 0 5214 0 5145 0 5184 0 5217 0 5277 0 5311 0 5389
5057 0 5042 0 5061 0 5170 0 5451 0 5076 0 5364 0 5203 0 5441 0 5291 0 5142 0 5021 0 5360 0 5357 0 5182 0 5087 0 5046 0 5223 0 5317 0 5173 0 5318 0 5104 0 5161 0 5293 0 5405 0 0 0 0 0 0 0 0 0 0 0 0 0 0 0 0 0 0 0 0 0 0 0 0 0 0 0 0 0 0 0 0 0 0 0 0 0 0 0 0 0 0 0 0 5302 0 5247 0 5371 0 5223 0 5131 0 5356 0 5016 0 5369 0 5341 0 5080 0 5397 0 5097 0 5176 0 5103 0 5158 0 5346 0 5206 0 5273 0 5088 0 5031 0 5105 0 5338 0 5446 0 5387
5139 0 5204 0 5232 0 5227 0 5334 0 5091 0 5308 0 5235 0 5129 0 5119 0 5423 0 5374 0 5398 0 5435 0 5482 0 5223 0 5321 0 5130 0 5228 0 5491 0 5438 0 5245 0 5457 0 5475 0 5405 5173 5220 5289 5169 5069 5371 5095 5481 5128 5183 5230 5134 5081 5486 5346 5004 5404 5262 5137 5193 5470 5289 5445 5281 5289 5155 5262 5413 5310 5125 5102 5003 5496 5396 5362 5383 5003 5072 5238 5426 5318 5383 5065 5296 5085 0 5051 0 5086 0 5497 0 5118 0 5206 0 5210 0 5117 0 5347 0 5386 0 5050 0 5494 0 5248 0 5029 0 5394 0 5383 0 5134 0 5251 0 5102 0 5462 0 5011 0 5036 0 5477 0 5141
5248 0 5225 0 5414 0 5471 0 5269 0 5212 0 5294 0 5114 0 5202 0 5363 0 5195 0 5201 0 5128 0 5056 0 5473 0 5400 0 5323 0 5080 0 5407 0 5043 0 5367 0 5315 0 5161 0 5021 0 0 0 0 0 0 0 0 0 0 0 0 0 0 0 0 0 0 0 0 0 0 0 0 0 0 0 0 0 0 0 0 0 0 0 0 0 0 0 0 0 0 0 0 0 0 0 0 5047 0 5034 0 5228 0 5329 0 5280 0 5276 0 5025 0 5274 0 5113 0 5126 0 5017 0 5156 0 5142 0 5082 0 5398 0 5345 0 5492 0 5457 0 5263 0 5302 0 5419 0 5356 0 5028
5137 0 5086 0 5008 0 5426 0 5437 0 5497 0 5078 0 5029 0 5029 0 5082 0 5198 0 5475 0 5400 0 5267 0 5111 0 5116 0 5004 0 5183 0 5153 0 5177 0 5022 0 5297 0 5240 0 5442 5031 5087 5088 5269 5459 5034 5032 5345 5102 5449 5019 5410 5346 5212 5345 5065 5333 5321 5183 5300 5456 5302 5485 5067 5132 5051 5055 5019 5362 5166 5210 5021 5296 5177 5120 5387 5417 5130 5491 5202 5431 5172 5135 5320 5145 5252 5191 5180 5106 0 5412 0 5399 0 5396 0 5020 0 5388 0 5483 0 5129 0 5191 0 5313 0 5075 0 5478 0 5342 0 5368 0 5459 0 5118 0 5328 0 5479 0 5170 0 5032 0 5441 0 5322 0 5319
5066 0 5281 0 5114 0 5197 0 5369 0 5020 0 5141 0 5435 0 5322 0 5454 0 5106 0 5438 0 5261 0 5136 0 5235 0 5134 0 5474 0 5020 0 5258 0 5485 0 5083 0 5227 0 5284 0 0 0 0 0 0 0 0 0 0 0 0 0 0 0 0 0 0 0 0 0 0 0 0 0 0 0 0 0 0 0 0 0 0 0 0 0 0 0 0 0 0 0 0 0 0 0 0 0 0 0 0 5224 0 5371 0 5205 0 5334 0 5324 0 5001 0 5228 0 5451 0 5401 0 5171 0 5162 0 5169 0 5211 0 5428 0 5216 0 5018 0 5159 0 5347 0 5389 0 5181 0 5270 0 5381
5091 0 5356 0 5370 0 5279 0 5283 0 5434 0 5332 0 5080 0 5442 0 5237 0 5245 0 5365 0 5397 0 5373 0 5276 0 5181 0 5296 0 5297 0 5370 0 5081 0 5177 0 5151 0 5019 5483 5459 5024 5161 5250 5209 5216 5409 5042 5461 5270 5268 5493 5470 5181 5123 5024 5426 5119 5305 5079 5499 5189 5495 5351 5477 5017 5269 5429 5094 5471 5180 5391 5250 5434 5024 5413 5211 5447 5479 5048 5473 5153 5149 5272 5192 5294 5413 5405 5030 5403 5086 5011 0 5097 0 5276 0 5297 0 5092 0 5181 0 5313 0 5384 0 5190 0 5404 0 5364 0 5194 0 5377 0 5360 0 5129 0 5063 0 5264 0 5417 0 5247 0 5312 0 5457 0 5228
5241 0 5339 0 5254 0 5476 0 5340 0 5461 0 5370 0 5486 0 5434 0 5402 0 5437 0 5360 0 5217 0 5426 0 5384 0 5007 0 5243 0 5365 0 5430 0 5264 0 5206 0 5458 0 0 0 0 0 0 0 0 0 0 0 0 0 0 0 0 0 0 0 0 0 0 0 0 0 0 0 0 0 0 0 0 0 0 0 0 0 0 0 0 0 0 0 0 0 0 0 0 0 0 0 0 0 0 0 0 5271 0 5235 0 5076 0 5438 0 5412 0 5437 0 5284 0 5098 0 5116 0 5208 0 5468 0 5038 0 5414 0 5331 0 5224 0 5050 0 5412 0 5309 0 5489 0 5444 0 5455
5260 0 5195 0 5383 0 5046 0 5158 0 5449 0 5443 0 5168 0 5143 0 5187 0 5046 0 5295 0 5265 0 5092 0 5204 0 5044 0 5276 0 5016 0 5393 0 5489 0 5210 0 5335 5330 5229 5221 5275 5374 5419 5312 5387 5249 5492 5072 5224 5103 5228 5161 5323 5179 5147 5100 5327 5418 5202 5402 5339 5336 5186 5155 5482 5177 5398 5333 5107 5429 5486 5002 5166 5139 5494 5252 5419 5206 5136 5188 5221 5132 5339 5367 5434 5336 5229 5129 5138 5187 5271 5206 5131 5184 0 5385 0 5272 0 5044 0 5354 0 5250 0 5020 0 5018 0 5259 0 5475 0 5028 0 5090 0 5078 0 5421 0 5065 0 5449 0 5006 0 5359 0 5084 0 5200 0 5421
5330 0 5488 0 5348 0 5483 0 5470 0 5377 0 5292 0 5202 0 5363 0 5077 0 5446 0 5487 0 5245 0 5025 0 5391 0 5300 0 5500 0 5061 0 5202 0 5276 0 5116 0 0 0 0 0 0 0 0 0 0 0 0 0 0 0 0 0 0 0 0 0 0 0 0 0 0 0 0 0 0 0 0 0 0 0 0 0 0 0 0 0 0 0 0 0 0 0 0 0 0 0 0 0 0 0 0 0 0 0 0 5187 0 5158 0 5363 0 5141 0 5038 0 5430 0 5220 0 5413 0 5453 0 5415 0 5073 0 5168 0 5343 0 5133 0 5158 0 5374 0 5037 0 5019 0 5452 0 5489
5475 0 5394 0 5007 0 5043 0 5491 0 5107 0 5432 0 5331 0 5135 0 5287 0 5155 0 5341 0 5430 0 5164 0 5025 0 5049 0 5069 0 5431 0 5395 0 5142 0 5272 5333 5267 5283 5449 5206 5044 5406 5092 5064 5421 5312 5024 5494 5393 5379 5084 5229 5497 5393 5315 5261 5484 5475 5035 5206 5487 5100 5049 5277 5297 5172 5051 5096 5276 5315 5046 5007 5258 5315 5376 5215 5058 5264 5084 5460 5258 5254 5210 5291 5020 5034 5073 5232 5447 5228 5241 5466 5004 5222 5097 5230 0 5265 0 5169 0 5284 0 5362 0 5078 0 5063 0 5434 0 5449 0 5486 0 5434 0 5457 0 5116 0 5198 0 5110 0 5270 0 5319 0 5389 0 5288 0 5381
5290 0 5055 0 5102 0 5461 0 5198 0 5459 0 5476 0 5493 0 5057 0 5130 0 5269 0 5017 0 5357 0 5107 0 5412 0 5235 0 5026 0 5399 0 5017 0 5474 0 0 0 0 0 0 0 0 0 0 0 0 0 0 0 0 0 0 0 0 0 0 0 0 0 0 0 0 0 0 0 0 0 0 0 0 0 0 0 0 0 0 0 0 0 0 0 0 0 0 0 0 0 0 0 0 0 0 0 0 0 0 0 0 5215 0 5492 0 5212 0 5147 0 5109 0 5446 0 5089 0 5169 0 5271 0 5252 0 5404 0 5336 0 5010 0 5279 0 5155 0 5203 0 5478 0 5485 0 5075
5237 0 5274 0 5022 0 5206 0 5082 0 5032 0 5381 0 5142 0 5080 0 5149 0 5080 0 5409 0 5122 0 5277 0 5494 0 5287 0 5024 0 5191 0 5302 0 5064 5186 5499 5282 5235 5401 5500 5498 5267 5063 5458 5331 5374 5035 5287 5202 5449 5472 5082 5016 5314 5464 5276 5137 5007 5178 5098 5436 5084 5315 5436 5145 5228 5241 5339 5282 5083 5437 5070 5337 5196 5489 5111 5363 5206 5476 5468 5332 5186 5068 5410 5473 5461 5288 5102 5319 5145 5013 5243 5033 5350 5252 5130 5030 5103 5090 0 5333 0 5283 0 5297 0 5244 0 5113 0 5016 0 5167 0 5116 0 5453 0 5184 0 5427 0 5136 0 5430 0 5193 0 5188 0 5040 0 5406 0 5014
5246 0 5408 0 5167 0 5306 0 5364 0 5135 0 5253 0 5250 0 5054 0 5281 0 5006 0 5472 0 5422 0 5145 0 5366 0 5492 0 5034 0 5316 0 5234 0 0 0 0 0 0 0 0 0 0 0 0 0 0 0 0 0 0 0 0 0 0 0 0 0 0 0 0 0 0 0 0 0 0 0 0 0 0 0 0 0 0 0 0 0 0 0 0 0 0 0 0 0 0 0 0 0 0 0 0 0 0 0 0 0 0 0 0 5079 0 5400 0 5114 0 5403 0 5180 0 5114 0 5269 0 5309 0 5378 0 5011 0 5073 0 5349 0 5396 0 5296 0 5273 0 5396 0 5136 0 5028
5287 0 5469 0 5340 0 5005 0 5132 0 5174 0 5197 0 5061 0 5153 0 5236 0 5475 0 5363 0 5073 0 5121 0 5247 0 5105 0 5370 0 5078 0 5104 5240 5218 5401 5483 5194 5059 5073 5159 5120 5423 5409 5371 5158 5347 5278 5110 5162 5321 5248 5045 5011 5137 5215 5361 5296 5068 5128 5380 5361 5301 5302 5375 5454 5360 5490 5019 5301 5064 5422 5195 5175 5332 5312 5150 5475 5372 5004 5447 5433 5100 5189 5172 5152 5152 5439 5480 5233 5271 5075 5385 5103 5460 5457 5455 5072 5118 5046 5063 5239 0 5398 0 5323 0 5407 0 5465 0 5002 0 5345 0 5308 0 5226 0 5024 0 5184 0 5210 0 5095 0 5271 0 5310 0 5202 0 5369 0 5382
5408 0 5157 0 5221 0 5339 0 5221 0 5133 0 5354 0 5481 0 5134 0 5091 0 5447 0 5061 0 5317 0 5455 0 5206 0 5471 0 5128 0 5024 0 0 0 0 0 0 0 0 0 0 0 0 0 0 0 0 0 0 0 0 0 0 0 0 0 0 0 0 0 0 0 0 0 0 0 0 0 0 0 0 0 0 0 0 0 0 0 0 0 0 0 0 0 0 0 0 0 0 0 0 0 0 0 0 0 0 0 0 0 0 0 0 5420 0 5032 0 5218 0 5208 0 5456 0 5431 0 5194 0 5320 0 5377 0 5478 0 5318 0 5455 0 5070 0 5003 0 5249 0 5474 0 5298
5386 0 5230 0 5449 0 5332 0 5311 0 5231 0 5150 0 5458 0 5458 0 5339 0 5496 0 5388 0 5150 0 5167 0 5173 0 5335 0 5384 0 5150 5417 5293 5418 5136 5238 5012 5305 5465 5354 5384 5183 5497 5325 5302 5445 5258 5148 5349 5138 5192 5058 5032 5263 5099 5424 5099 5221 5382 5224 5443 5426 5245 5095 5229 5031 5257 5223 5018 5464 5293 5376 5212 5071 5010 5406 5112 5014 5429 5473 5241 5004 5220 5049 5010 5057 5258 5486 5118 5129 5178 5021 5371 5407 5011 5076 5108 5142 5409 5270 5498 5448 5255 5092 0 5388 0 5048 0 5443 0 5277 0 5491 0 5058 0 5476 0 5104 0 5377 0 5130 0 5314 0 5059 0 5477 0 5427 0 5328 0 5286
5199 0 5410 0 5008 0 5148 0 5233 0 5370 0 5342 0 5214 0 5369 0 5388 0 5090 0 5415 0 5126 0 5243 0 5198 0 5317 0 5131 0 0 0 0 0 0 0 0 0 0 0 0 0 0 0 0 0 0 0 0 0 0 0 0 0 0 0 0 0 0 0 0 0 0 0 0 0 0 0 0 0 0 0 0 0 0 0 0 0 0 0 0 0 0 0 0 0 0 0 0 0 0 0 0 0 0 0 0 0 0 0 0 0 0 0 0 5002 0 5372 0 5117 0 5225 0 5156 0 5012 0 5443 0 5235 0 5005 0 5481 0 5069 0 5308 0 5091 0 5482 0 5398 0 5251
5110 0 5104 0 5221 0 5117 0 5302 0 5310 0 5401 0 5135 0 5240 0 5302 0 5442 0 5167 0 5093 0 5491 0 5399 0 5095 0 5042 5302 5168 5147 5444 5437 5004 5166 5225 5308 5016 5379 5085 5453 5236 5157 5408 5329 5491 5369 5084 5106 5238 5250 5288 5186 5183 5281 5104 5032 5357 5253 5435 5397 5109 5105 5456 5410 5494 5412 5494 5239 5093 5416 5103 5231 5465 5271 5077 5019 5369 5055 5379 5019 5202 5319 5264 5144 5444 5232 5326 5161 5001 5341 5350 5149 5052 5129 5241 5165 5293 5024 5247 5460 5141 5057 5351 5089 0 5102 0 5466 0 5100 0 5427 0 5322 0 5170 0 5143 0 5255 0 5293 0 5468 0 5416 0 5441 0 5049 0 5064 0 5116
5067 0 5353 0 5042 0 5308 0 5396 0 5305 0 5418 0 5049 0 5178 0 5344 0 5116 0 5071 0 5430 0 5267 0 5040 0 5416 0 0 0 0 0 0 0 0 0 0 0 0 0 0 0 0 0 0 0 0 0 0 0 0 0 0 0 0 0 0 0 0 0 0 0 0 0 0 0 0 0 0 0 0 0 0 0 0 0 0 0 0 0 0 0 0 0 0 0 0 0 0 0 0 0 0 0 0 0 0 0 0 0 0 0 0 0 0 0 0 5138 0 5483 0 5388 0 5455 0 5356 0 5315 0 5357 0 5385 0 5411 0 5295 0 5270 0 5356 0 5475 0 5470 0 5339
5003 0 5359 0 5040 0 5206 0 5480 0 5410 0 5387 0 5077 0 5106 0 5016 0 5150 0 5302 0 5289 0 5249 0 5047 0 5196 5013 5324 5426 5403 5399 5017 5220 5066 5491 5485 5447 5041 5024 5141 5240 5030 5342 5116 5257 5224 5358 5410 5500 5137 5301 5444 5409 5201 5357 5385 5079 5076 5127 5254 5035 5238 5065 5130 5230 5133 5308 5387 5155 5498 5013 5278 5286 5203 5500 5165 5423 5412 5205 5398 5109 5252 5385 5066 5408 5264 5342 5214 5121 5181 5462 5461 5059 5015 5108 5349 5488 5205 5061 5198 5051 5246 5234 5077 5109 5461 5095 0 5167 0 5013 0 5181 0 5057 0 5080 0 5088 0 5476 0 5500 0 5135 0 5357 0 5220 0 5423 0 5032 0 5284
5141 0 5085 0 5144 0 5090 0 5192 0 5473 0 5425 0 5391 0 5206 0 5086 0 5500 0 5381 0 5035 0 5351 0 5439 0 0 0 0 0 0 0 0 0 0 0 0 0 0 0 0 0 0 0 0 0 0 0 0 0 0 0 0 0 0 0 0 0 0 0 0 0 0 0 0 0 0 0 0 0 0 0 0 0 0 0 0 0 0 0 0 0 0 0 0 0 0 0 0 0 0 0 0 0 0 0 0 0 0 0 0 0 0 0 0 0 0 0 0 5221 0 5329 0 5128 0 5222 0 5282 0 5403 0 5362 0 5141 0 5029 0 5108 0 5454 0 5410 0 5347 0 5195
5281 0 5237 0 5032 0 5265 0 5281 0 5074 0 5377 0 5239 0 5103 0 5002 0 5339 0 5138 0 5172 0 5437 0 5253 5475 5217 5456 5418 5443 5419 5400 5019 5319 5284 5093 5206 5041 5022 5277 5134 5201 5472 5272 5034 5156 5190 5186 5446 5435 5216 5333 5176 5389 5435 5004 5476 5337 5415 5402 5106 5162 5433 5071 5061 5432 5173 5292 5165 5325 5063 5172 5096 5322 5136 5171 5171 5434 5145 5289 5463 5010 5218 5374 5226 5447 5162 5234 5268 5160 5227 5352 5337 5337 5276 5266 5411 5443 5152 5227 5054 5260 5042 5467 5423 5417 5203 5109 5460 5074 0 5081 0 5311 0 5155 0 5236 0 5493 0 5176 0 5061 0 5176 0 5094 0 5384 0 5020 0 5183 0 5427
5181 0 5016 0 5349 0 5422 0 5363 0 5493 0 5312 0 5477 0 5194 0 5334 0 5445 0 5116 0 5306 0 5143 0 0 0 0 0 0 0 0 0 0 0 0 0 0 0 0 0 0 0 0 0 0 0 0 0 0 0 0 0 0 0 0 0 0 0 0 0 0 0 0 0 0 0 0 0 0 0 0 0 0 0 0 0 0 0 0 0 0 0 0 0 0 0 0 0 0 0 0 0 0 0 0 0 0 0 0 0 0 0 0 0 0 0 0 0 0 0 0 5394 0 5412 0 5212 0 5169 0 5278 0 5318 0 5458 0 5485 0 5455 0 5298 0 5418 0 5463 0 5409
5088 0 5110 0 5164 0 5438 0 5142 0 5250 0 5034 0 5090 0 5314 0 5195 0 5104 0 5386 0 5090 0 5131 5296 5254 5450 5282 5074 5267 5162 5197 5200 5162 5182 5052 5482 5167 5095 5473 5424 5136 5391 5466 5125 5061 5080 5201 5477 5202 5223 5234 5170 5163 5431 5067 5259 5009 5141 5492 5153 5026 5162 5318 5058 5383 5421 5165 5216 5466 5417 5103 5500 5486 5208 5151 5414 5261 5129 5303 5172 5074 5485 5281 5025 5407 5168 5352 5171 5325 5223 5339 5086 5170 5016 5007 5098 5300 5108 5154 5120 5378 5486 5181 5383 5080 5188 5419 5172 5256 5121 5141 5279 0 5312 0 5452 0 5208 0 5292 0 5077 0 5269 0 5207 0 5472 0 5418 0 5231 0 5053 0 5250
5309 0 5417 0 5046 0 5338 0 5386 0 5357 0 5366 0 5178 0 5290 0 5438 0 5021 0 5171 0 5195 0 0 0 0 0 0 0 0 0 0 0 0 0 0 0 0 0 0 0 0 0 0 0 0 0 0 0 0 0 0 0 0 0 0 0 0 0 0 0 0 0 0 0 0 0 0 0 0 0 0 0 0 0 0 0 0 0 0 0 0 0 0 0 0 0 0 0 0 0 0 0 0 0 0 0 0 0 0 0 0 0 0 0 0 0 0 0 0 0 0 0 0 5456 0 5390 0 5067 0 5013 0 5056 0 5067 0 5036 0 5050 0 5088 0 5053 0 5019 0 5455
5409 0 5087 0 5459 0 5345 0 5052 0 5156 0 5235 0 5165 0 5208 0 5214 0 5032 0 5325 0 5034 5097 5411 5130 5309 5429 5350 5217 5453 5185 5275 5225 5224 5056 5056 5175 5338 5074 5403 5233 5148 5104 5076 5226 5143 5482 5235 5291 5416 5312 5470 5299 5345 5322 5436 5065 5457 5401 5434 5277 5142 5440 5360 5074 5298 5436 5370 5262 5084 5341 5047 5423 5419 5153 5153 5194 5072 5342 5475 5479 5425 5428 5331 5286 5068 5143 5029 5297 5474 5379 5071 5309 5283 5133 5167 5076 5443 5072 5421 5165 5332 5028 5350 5121 5270 5263 5055 5168 5196 5485 5201 5430 5149 5176 0 5347 0 5062 0 5060 0 5103 0 5138 0 5185 0 5054 0 5112 0 5124 0 5349 0 5397
5308 0 5167 0 5488 0 5343 0 5007 0 5143 0 5219 0 5307 0 5197 0 5282 0 5346 0 5436 0 0 0 0 0 0 0 0 0 0 0 0 0 0 0 0 0 0 0 0 0 0 0 0 0 0 0 0 0 0 0 0 0 0 0 0 0 0 0 0 0 0 0 0 0 0 0 0 0 0 0 0 0 0 0 0 0 0 0 0 0 0 0 0 0 0 0 0 0 0 0 0 0 0 0 0 0 0 0 0 0 0 0 0 0 0 0 0 0 0 0 0 0 0 0 0 5457 0 5266 0 5039 0 5378 0 5313 0 5013 0 5174 0 5262 0 5203 0 5187 0 5131
5492 0 5339 0 5500 0 5167 0 5339 0 5428 0 5212 0 5400 0 5043 0 5376 0 5042 0 5305 5191 5051 5239 5336 5358 5153 5310 5231 5455 5464 5290 5139 5391 5471 5410 5480 5075 5150 5225 5452 5094 5411 5229 5373 5267 5243 5431 5061 5237 5165 5033 5014 5048 5006 5131 5289 5190 5123 5178 5278 5353 5161 5392 5349 5007 5110 5065 5500 5224 5475 5058 5430 5372 5158 5002 5076 5170 5204 5183 5112 5157 5450 5419 5308 5303 5238 5315 5204 5247 5006 5259 5309 5027 5279 5441 5367 5021 5026 5136 5435 5191 5274 5383 5035 5229 5442 5259 5345 5140 5358 5275 5386 5318 5148 5222 5045 5459 0 5301 0 5364 0 5096 0 5343 0 5021 0 5012 0 5055 0 5262 0 5234 0 5480
5112 0 5132 0 5077 0 5406 0 5385 0 5022 0 5090 0 5350 0 5427 0 5227 0 5032 0 0 0 0 0 0 0 0 0 0 0 0 0 0 0 0 0 0 0 0 0 0 0 0 0 0 0 0 0 0 0 0 0 0 0 0 0 0 0 0 0 0 0 0 0 0 0 0 0 0 0 0 0 0 0 0 0 0 0 0 0 0 0 0 0 0 0 0 0 0 0 0 0 0 0 0 0 0 0 0 0 0 0 0 0 0 0 0 0 0 0 0 0 0 0 0 0 0 0 0 5338 0 5214 0 5062 0 5348 0 5082 0 5414 0 5417 0 5495 0 5205 0 5415
5216 0 5392 0 5013 0 5193 0 5482 0 5431 0 5058 0 5236 0 5305 0 5055 0 5337 5221 5178 5296 5225 5123 5257 5032 5037 5164 5067 5457 5139 5425 5250 5361 5235 5087 5371 5324 5361 5277 5358 5053 5002 5252 5344 5050 5162 5037 5469 5281 5254 5083 5266 5157 5128 5498 5350 5427 5411 5281 5092 5239 5037 5064 5475 5083 5130 5304 5053 5307 5267 5025 5403 5300 5415 5285 5006 5351 5453 5194 5338 5294 5335 5338 5186 5477 5039 5407 5001 5384 5179 5245 5272 5004 5420 5300 5472 5215 5188 5455 5208 5306 5470 5224 5094 5360 5220 5477 5029 5435 5469 5322 5221 5069 5135 5314 5143 5480 5178 5108 0 5208 0 5284 0 5232 0 5056 0 5105 0 5255 0 5292 0 5403 0 5071
5461 0 5412 0 5302 0 5283 0 5010 0 5472 0 5237 0 5109 0 5254 0 5281 0 0 0 0 0 0 0 0 0 0 0 0 0 0 0 0 0 0 0 0 0 0 0 0 0 0 0 0 0 0 0 0 0 0 0 0 0 0 0 0 0 0 0 0 0 0 0 0 0 0 0 0 0 0 0 0 0 0 0 0 0 0 0 0 0 0 0 0 0 0 0 0 0 0 0 0 0 0 0 0 0 0 0 0 0 0 0 0 0 0 0 0 0 0 0 0 0 0 0 0 0 0 0 0 5451 0 5195 0 5011 0 5091 0 5392 0 5039 0 5041 0 5004 0 5046
5439 0 5147 0 5012 0 5085 0 5011 0 5033 0 5400 0 5077 0 5107 0 5425 5238 5135 5259 5136 5140 5441 5274 5463 5354 5381 5047 5385 5229 5202 5382 5165 5262 5100 5355 5484 5397 5157 5342 5257 5470 5446 5411 5100 5190 5468 5070 5234 5397 5209 5185 5142 5252 5248 5464 5285 5398 5152 5314 5194 5289 5331 5216 5475 5500 5233 5375 5364 5336 5440 5234 5473 5126 5357 5280 5254 5449 5250 5088 5006 5376 5374 5083 5322 5429 5118 5386 5381 5389 5007 5407 5456 5296 5048 5314 5081 5134 5300 5437 5234 5284 5483 5471 5053 5422 5184 5045 5114 5285 5374 5314 5312 5392 5122 5009 5478 5052 5270 5372 5104 5232 0 5164 0 5187 0 5014 0 5283 0 5223 0 5258 0 5090 0 5107
5015 0 5421 0 5165 0 5019 0 5286 0 5356 0 5470 0 5258 0 5228 0 0 0 0 0 0 0 0 0 0 0 0 0 0 0 0 0 0 0 0 0 0 0 0 0 0 0 0 0 0 0 0 0 0 0 0 0 0 0 0 0 0 0 0 0 0 0 0 0 0 0 0 0 0 0 0 0 0 0 0 0 0 0 0 0 0 0 0 0 0 0 0 0 0 0 0 0 0 0 0 0 0 0 0 0 0 0 0 0 0 0 0 0 0 0 0 0 0 0 0 0 0 0 0 0 0 0 0 5109 0 5234 0 5328 0 5325 0 5446 0 5250 0 5089 0 5018
5294 0 5059 0 5373 0 5238 0 5144 0 5326 0 5242 0 5286 0 5133 5352 5247 5292 5252 5351 5495 5224 5305 5459 5492 5238 5244 5324 5327 5124 5273 5091 5192 5082 5436 5072 5128 5320 5381 5013 5099 5125 5010 5255 5384 5406 5397 5169 5311 5286 5058 5064 5445 5227 5054 5382 5337 5280 5013 5385 5162 5394 5157 5170 5392 5193 5214 5318 5116 5394 5177 5222 5266 5241 5378 5140 5376 5245 5285 5299 5432 5153 5401 5457 5414 5324 5453 5210 5257 5107 5225 5008 5224 5327 5147 5288 5349 5192 5111 5163 5182 5016 5366 5232 5499 5152 5322 5336 5375 5131 5498 5137 5425 5133 5080 5377 5479 5169 5446 5332 5118 5029 5241 5344 0 5497 0 5490 0 5455 0 5328 0 5122 0 5050 0 5394
5019 0 5232 0 5348 0 5429 0 5007 0 5291 0 5193 0 5024 0 0 0 0 0 0 0 0 0 0 0 0 0 0 0 0 0 0 0 0 0 0 0 0 0 0 0 0 0 0 0 0 0 0 0 0 0 0 0 0 0 0 0 0 0 0 0 0 0 0 0 0 0 0 0 0 0 0 0 0 0 0 0 0 0 0 0 0 0 0 0 0 0 0 0 0 0 0 0 0 0 0 0 0 0 0 0 0 0 0 0 0 0 0 0 0 0 0 0 0 0 0 0 0 0 0 0 0 0 0 0 0 5126 0 5467 0 5486 0 5263 0 5110 0 5413 0 5141
5392 0 5042 0 5427 0 5442 0 5093 0 5282 0 5115 0 5173 5150 5453 5126 5309 5130 5303 5460 5026 5327 5477 5449 5126 5498 5053 5149 5315 5496 5101 5206 5254 5234 5286 5345 5021 5268 5438 5489 5164 5010 5241 5286 5434 5446 5474 5001 5254 5455 5153 5305 5060 5489 5474 5032 5181 5332 5183 5014 5084 5317 5422 5275 5079 5099 5299 5002 5205 5215 5415 5284 5223 5366 5417 5017 5395 5370 5030 5095 5102 5374 5074 5199 5177 5064 5407 5277 5487 5457 5074 5301 5335 5227 5210 5491 5322 5171 5396 5461 5420 5342 5361 5059 5308 5438 5243 5330 5070 5329 5225 5007 5323 5367 5440 5073 5228 5198 5287 5063 5128 5023 5340 5257 5292 5131 0 5046 0 5256 0 5003 0 5389 0 5461 0 5162
5229 0 5128 0 5039 0 5018 0 5010 0 5085 0 5332 0 0 0 0 0 0 0 0 0 0 0 0 0 0 0 0 0 0 0 0 0 0 0 0 0 0 0 0 0 0 0 0 0 0 0 0 0 0 0 0 0 0 0 0 0 0 0 0 0 0 0 0 0 0 0 0 0 0 0 0 0 0 0 0 0 0 0 0 0 0 0 0 0 0 0 0 0 0 0 0 0 0 0 0 0 0 0 0 0 0 0 0 0 0 0 0 0 0 0 0 0 0 0 0 0 0 0 0 0 0 0 0 0 0 0 0 5137 0 5101 0 5268 0 5175 0 5189 0 5288
5454 0 5295 0 5129 0 5396 0 5105 0 5245 0 5074 5398 5466 5305 5419 5170 5084 5371 5427 5369 5486 5381 5268 5477 5335 5137 5279 5065 5359 5287 5257 5153 5172 5220 5027 5326 5056 5478 5485 5425 5331 5204 5106 5308 5438 5069 5318 5348 5403 5017 5415 5403 5035 5236 5314 5240 5394 5039 5470 5406 5462 5160 5065 5024 5360 5210 5216 5187 5217 5442 5224 5236 5122 5320 5380 5069 5438 5310 5248 5162 5162 5398 5239 5024 5325 5488 5011 5122 5320 5071 5361 5086 5321 5114 5079 5089 5493 5369 5098 5468 5430 5415 5031 5146 5305 5198 5212 5449 5364 5337 5100 5391 5243 5116 5008 5204 5151 5029 5267 5143 5397 5072 5182 5179 5395 5208 5126 5321 0 5475 0 5037 0 5097 0 5441 0 5257
5008 0 5395 0 5320 0 5450 0 5440 0 5282 0 0 0 0 0 0 0 0 0 0 0 0 0 0 0 0 0 0 0 0 0 0 0 0 0 0 0 0 0 0 0 0 0 0 0 0 0 0 0 0 0 0 0 0 0 0 0 0 0 0 0 0 0 0 0 0 0 0 0 0 0 0 0 0 0 0 0 0 0 0 0 0 0 0 0 0 0 0 0 0 0 0 0 0 0 0 0 0 0 0 0 0 0 0 0 0 0 0 0 0 0 0 0 0 0 0 0 0 0 0 0 0 0 0 0 0 0 0 0 0 5486 0 5463 0 5420 0 5074 0 5087
5181 0 5174 0 5438 0 5072 0 5482 0 5116 5066 5334 5057 5171 5192 5023 5195 5213 5300 5136 5353 5287 5487 5318 5298 5103 5322 5327 5464 5086 5463 5479 5176 5399 5129 5141 5207 5344 5068 5460 5485 5028 5147 5265 5023 5263 5354 5188 5020 5271 5009 5297 5156 5337 5221 5466 5108 5292 5324 5452 5416 5227 5055 5402 5043 5316 5400 5218 5192 5199 5235 5150 5484 5419 5140 5044 5337 5017 5473 5156 5172 5365 5242 5468 5361 5040 5264 5438 5211 5120 5211 5469 5015 5149 5060 5061 5377 5332 5349 5082 5291 5230 5284 5308 5183 5342 5356 5168 5031 5056 5127 5052 5291 5343 5197 5342 5470 5255 5301 5104 5297 5250 5142 5059 5365 5180 5216 5167 5119 5119 5236 0 5174 0 5430 0 5231 0 5342
5130 0 5413 0 5244 0 5085 0 5450 0 0 0 0 0 0 0 0 0 0 0 0 0 0 0 0 0 0 0 0 0 0 0 0 0 0 0 0 0 0 0 0 0 0 0 0 0 0 0 0 0 0 0 0 0 0 0 0 0 0 0 0 0 0 0 0 0 0 0 0 0 0 0 0 0 0 0 0 0 0 0 0 0 0 0 0 0 0 0 0 0 0 0 0 0 0 0 0 0 0 0 0 0 0 0 0 0 0 0 0 0 0 0 0 0 0 0 0 0 0 0 0 0 0 0 0 0 0 0 0 0 0 0 0 5222 0 5449 0 5370 0 5259
5103 0 5103 0 5126 0 5137 0 5187 5497 5269 5318 5490 5111 5112 5187 5470 5358 5226 5034 5050 5282 5445 5139 5354 5375 5313 5057 5143 5269 5174 5036 5385 5014 5255 5019 5301 5464 5425 5183 5249 5052 5203 5396 5001 5408 5464 5339 5198 5247 5287 5433 5223 5272 5498 5131 5045 5205 5106 5408 5164 5473 5140 5066 5139 5474 5206 5339 5440 5065 5127 5279 5349 5130 5291 5240 5133 5122 5499 5226 5174 5433 5443 5334 5411 5233 5282 5250 5357 5239 5248 5115 5040 5352 5006 5175 5185 5418 5369 5005 5306 5403 5320 5411 5273 5049 5089 5062 5117 5250 5215 5312 5158 5035 5473 5444 5238 5305 5391 5260 5259 5353 5146 5262 5021 5027 5148 5343 5308 5262 5177 5186 5155 5219 0 5183 0 5381 0 5277
5492 0 5120 0 5314 0 5331 0 0 0 0 0 0 0 0 0 0 0 0 0 0 0 0 0 0 0 0 0 0 0 0 0 0 0 0 0 0 0 0 0 0 0 0 0 0 0 0 0 0 0 0 0 0 0 0 0 0 0 0 0 0 0 0 0 0 0 0 0 0 0 0 0 0 0 0 0 0 0 0 0 0 0 0 0 0 0 0 0 0 0 0 0 0 0 0 0 0 0 0 0 0 0 0 0 0 0 0 0 0 0 0 0 0 0 0 0 0 0 0 0 0 0 0 0 0 0 0 0 0 0 0 0 0 0 0 5073 0 5248 0 5446
5369 0 5396 0 5128 0 5321 5240 5020 5268 5256 5194 5072 5438 5393 5201 5435 5255 5103 5454 5223 5407 5406 5199 5324 5073 5275 5096 5309 5024 5083 5490 5385 5047 5352 5338 5230 5046 5484 5094 5013 5351 5363 5320 5164 5287 5486 5152 5251 5339 5347 5199 5138 5075 5117 5386 5233 5268 5122 5008 5231 5249 5407 5294 5149 5338 5306 5344 5165 5495 5283 5223 5199 5150 5389 5296 5140 5061 5477 5013 5300 5425 5056 5158 5350 5275 5499 5434 5039 5470 5238 5201 5497 5387 5365 5240 5302 5028 5014 5127 5173 5436 5185 5056 5093 5082 5391 5390 5368 5349 5443 5047 5140 5062 5102 5273 5433 5440 5230 5312 5277 5128 5439 5053 5155 5104 5231 5445 5239 5272 5137 5129 5062 5363 5352 5228 0 5434 0 5382
5041 0 5013 0 5138 0 0 0 0 0 0 0 0 0 0 0 0 0 0 0 0 0 0 0 0 0 0 0 0 0 0 0 0 0 0 0 0 0 0 0 0 0 0 0 0 0 0 0 0 0 0 0 0 0 0 0 0 0 0 0 0 0 0 0 0 0 0 0 0 0 0 0 0 0 0 0 0 0 0 0 0 0 0 0 0 0 0 0 0 0 0 0 0 0 0 0 0 0 0 0 0 0 0 0 0 0 0 0 0 0 0 0 0 0 0 0 0 0 0 0 0 0 0 0 0 0 0 0 0 0 0 0 0 0 0 0 0 5133 0 5084
5268 0 5272 0 5410 5200 5144 5094 5457 5122 5096 5016 5320 5025 5253 5003 5188 5259 5156 5331 5074 5043 5114 5403 5313 5427 5397 5457 5025 5157 5014 5473 5270 5245 5011 5104 5321 5356 5237 5162 5459 5445 5125 5257 5246 5318 5386 5063 5134 5304 5484 5306 5412 5289 5352 5284 5140 5311 5479 5271 5155 5470 5478 5085 5060 5422 5250 5486 5200 5340 5444 5141 5023 5197 5167 5389 5143 5376 5051 5316 5282 5044 5222 5107 5477 5021 5262 5295 5426 5111 5239 5048 5346 5016 5024 5205 5225 5032 5200 5444 5383 5431 5471 5349 5270 5318 5437 5200 5084 5410 5425 5244 5411 5068 5367 5415 5064 5228 5063 5411 5260 5459 5396 5035 5004 5354 5397 5099 5247 5128 5297 5469 5132 5314 5202 5369 5163 5160 0 5410
5130 0 5465 0 0 0 0 0 0 0 0 0 0 0 0 0 0 0 0 0 0 0 0 0 0 0 0 0 0 0 0 0 0 0 0 0 0 0 0 0 0 0 0 0 0 0 0 0 0 0 0 0 0 0 0 0 0 0 0 0 0 0 0 0 0 0 0 0 0 0 0 0 0 0 0 0 0 0 0 0 0 0 0 0 0 0 0 0 0 0 0 0 0 0 0 0 0 0 0 0 0 0 0 0 0 0 0 0 0 0 0 0 0 0 0 0 0 0 0 0 0 0 0 0 0 0 0 0 0 0 0 0 0 0 0 0 0 0 0 5217
5266 0 5484 5167 5204 5369 5089 5372 5340 5116 5069 5206 5423 5310 5472 5091 5210 5188 5272 5319 5417 5408 5463 5315 5198 5379 5363 5248 5008 5424 5357 5359 5284 5495 5084 5364 5227 5059 5285 5280 5367 5175 5243 5241 5225 5449 5477 5191 5327 5417 5301 5100 5365 5328 5437 5413 5170 5126 5181 5341 5074 5289 5221 5241 5120 5094 5331 5457 5189 5368 5358 5392 5469 5334 5489 5469 5149 5331 5293 5173 5422 5307 5393 5420 5482 5241 5120 5375 5194 5364 5392 5338 5290 5095 5217 5461 5050 5356 5160 5353 5297 5158 5395 5053 5415 5467 5175 5059 5154 5357 5306 5122 5342 5128 5143 5298 5137 5057 5428 5083 5216 5120 5253 5393 5008 5361 5319 5126 5365 5201 5009 5140 5349 5418 5098 5270 5162 5143 5163 5030
5307 0 0 0 0 0 0 0 0 0 0 0 0 0 0 0 0 0 0 0 0 0 0 0 0 0 0 0 0 0 0 0 0 0 0 0 0 0 0 0 0 0 0 0 0 0 0 0 0 0 0 0 0 0 0 0 0 0 0 0 0 0 0 0 0 0 0 0 0 0 0 0 0 0 0 0 0 0 0 0 0 0 0 0 0 0 0 0 0 0 0 0 0 0 0 0 0 0 0 0 0 0 0 0 0 0 0 0 0 0 0 0 0 0 0 0 0 0 0 0 0 0 0 0 0 0 0 0 0 0 0 0 0 0 0 0 0 0 0 0
5499 5353 5372 5167 5098 5297 5419 5102 5229 5021 5253 5275 5222 5248 5220 5401 5344 5079 5087 5120 5100 5426 5438 5379 5324 5363 5413 5286 5338 5108 5101 5281 5386 5267 5488 5069 5437 5146 5271 5012 5010 5154 5305 5444 5377 5062 5287 5204 5331 5402 5134 5492 5069 5124 5268 5396 5358 5403 5195 5322 5013 5411 5388 5236 5152 5171 5228 5291 5190 5476 5384 5348 5167 5056 5293 5247 5189 5471 5315 5486 5147 5395 5059 5182 5199 5035 5189 5422 5379 5302 5141 5238 5439 5035 5099 5456 5430 5460 5167 5357 5039 5053 5315 5276 5114 5090 5334 5066 5374 5147 5222 5102 5223 5326 5004 5410 5367 5334 5173 5412 5479 5343 5154 5496 5248 5335 5354 5196 5010 5328 5441 5285 5183 5326 5412 5081 5210 5478 5313 5239
