14.000000 1.000000
100 199 99 0
14770 14276 14850 14869 14316 14233 14329 14218 14761 14193 14368 14604 14448 14785 14931 14862 14078 14730 14841 14486 14786 14052 14273 14864 14440 14246 14301 14456 14687 14103 14184 14734 14868 14242 14135 14216 14295 14534 14973 14038 14028 14504 14308 14682 14465 14615 14658 14380 14071 14894 14104 14371 14777 14265 14667 14113 14435 14197 14159 14219 14790 14252 14061 14358 14261 14028 14729 14500 14963 14628 14366 14993 14770 14397 14840 14383 14391 14125 14342 14362 14835 14899 14557 14513 14095 14680 14760 14398 14327 14560 14343 14652 14263 14330 14346 14049 14239 14457 14972 14251
14881 0 0 0 0 0 0 0 0 0 0 0 0 0 0 0 0 0 0 0 0 0 0 0 0 0 0 0 0 0 0 0 0 0 0 0 0 0 0 0 0 0 0 0 0 0 0 0 0 0 0 0 0 0 0 0 0 0 0 0 0 0 0 0 0 0 0 0 0 0 0 0 0 0 0 0 0 0 0 0 0 0 0 0 0 0 0 0 0 0 0 0 0 0 0 0 0 0 0 0
14006 14179 14767 14369 14559 14615 14192 14705 14700 14305 14112 14929 14903 14222 14654 14529 14982 14891 14846 14664 14147 14070 14870 14303 14904 14171 14336 14426 14234 14635 14642 14838 14646 14482 14677 14298 14820 14142 14044 14685 14254 14152 14185 14666 14066 14899 14218 14967 14791 14922 14436 14676 14867 14668 14456 14555 14891 14482 14083 14044 14193 14295 14799 14905 14110 14146 14380 14900 14161 14904 14299 14510 14394 14547 14532 14471 14326 14602 14062 14132 14927 14648 14885 14449 14832 14435 15000 14635 14787 14562 14729 14967 14544 14031 14861 14522 14375 14993 14854 14499
0 0 0 0 0 0 0 0 0 0 0 0 0 0 0 0 0 0 0 0 0 0 0 0 0 0 0 0 0 0 0 0 0 0 0 0 0 0 0 0 0 0 0 0 0 0 0 0 0 0 0 0 0 0 0 0 0 0 0 0 0 0 0 0 0 0 0 0 0 0 0 0 0 0 0 0 0 0 0 0 0 0 0 0 0 0 0 0 0 0 0 0 0 0 0 0 0 0 0 14055
14652 14297 14857 14310 14277 14815 14322 14045 14167 14954 14850 14992 14642 14051 14416 14247 14775 14417 14830 14061 14940 14169 14259 14698 14780 14204 14018 14588 14281 14830 14155 14595 14475 14751 14753 14024 14590 14696 14888 14885 14904 14669 14771 14939 14212 14926 14030 14026 14867 14224 14435 14969 14130 14283 14676 14452 14745 14535 14281 14953 14144 14457 14338 14911 14322 14322 14847 14365 14170 14455 14738 14714 14554 14227 14585 14635 14540 14520 14552 14841 14238 14521 14783 14658 14033 14024 14550 14507 14273 14211 14680 14181 14905 14352 14592 14286 14716 14551 14009 14672
14521 0 0 0 0 0 0 0 0 0 0 0 0 0 0 0 0 0 0 0 0 0 0 0 0 0 0 0 0 0 0 0 0 0 0 0 0 0 0 0 0 0 0 0 0 0 0 0 0 0 0 0 0 0 0 0 0 0 0 0 0 0 0 0 0 0 0 0 0 0 0 0 0 0 0 0 0 0 0 0 0 0 0 0 0 0 0 0 0 0 0 0 0 0 0 0 0 0 0 0
14017 14972 14715 14152 14683 14191 14822 14004 14178 14560 14413 14923 14683 14126 14387 14075 14095 14396 14381 14570 14374 14309 14481 14929 14589 14614 14989 14709 14002 14967 14367 14241 14625 14503 14348 14599 14993 14320 14113 14528 14732 14739 14011 14121 14825 14293 14883 14327 14492 14951 14801 14989 14971 14644 14619 14077 14831 14868 14621 14007 14036 14056 14194 14858 14326 14663 14875 14099 14225 14162 14792 14646 14634 14964 14982 14729 14622 14045 14509 14906 14724 14285 14048 14243 14229 14980 14515 14976 14425 14964 14495 14530 14722 14129 14745 14077 14013 14893 14265 14055
0 0 0 0 0 0 0 0 0 0 0 0 0 0 0 0 0 0 0 0 0 0 0 0 0 0 0 0 0 0 0 0 0 0 0 0 0 0 0 0 0 0 0 0 0 0 0 0 0 0 0 0 0 0 0 0 0 0 0 0 0 0 0 0 0 0 0 0 0 0 0 0 0 0 0 0 0 0 0 0 0 0 0 0 0 0 0 0 0 0 0 0 0 0 0 0 0 0 0 14157
14074 14249 14316 14582 14291 14067 14697 14166 14058 14418 14468 14946 14526 14641 14194 14658 14398 14612 14141 14871 14009 14869 14558 14428 14589 14916 14554 14142 14500 14620 14473 14043 14944 14052 14926 14470 14781 14127 14439 14345 14881 14476 14192 14344 14274 14081 14714 14640 14419 14861 14174 14110 14406 14515 14075 14676 14586 14593 14237 14185 14565 14912 14865 14816 14926 14287 14102 14284 14075 14661 14911 14947 14054 14493 14271 14295 14337 14389 14490 14577 14404 14793 14130 14817 14083 14858 14021 14946 14911 14432 14396 14509 14199 14426 14910 14792 14338 14227 14307 14447
14685 0 0 0 0 0 0 0 0 0 0 0 0 0 0 0 0 0 0 0 0 0 0 0 0 0 0 0 0 0 0 0 0 0 0 0 0 0 0 0 0 0 0 0 0 0 0 0 0 0 0 0 0 0 0 0 0 0 0 0 0 0 0 0 0 0 0 0 0 0 0 0 0 0 0 0 0 0 0 0 0 0 0 0 0 0 0 0 0 0 0 0 0 0 0 0 0 0 0 0
14445 14709 14953 14173 14059 14160 14122 14889 14705 14334 14597 14110 14614 14721 14525 14425 14460 14680 14909 14019 14161 14114 14354 14624 14733 14980 14869 14024 14511 14796 14705 14208 14074 14158 14129 14276 14198 14343 14043 14698 14420 14105 14835 14766 14009 14790 14350 14120 14352 14029 14183 14538 14893 14831 14984 14710 14634 14942 14604 14270 14237 14814 14563 14977 14154 14473 14164 14223 14235 14752 14725 14722 14024 14143 14061 14747 14818 14663 14454 14733 14410 14824 14415 14476 14956 14913 14328 14341 14777 14615 14586 14577 14549 14636 14639 14533 14357 14598 14948 14746
0 0 0 0 0 0 0 0 0 0 0 0 0 0 0 0 0 0 0 0 0 0 0 0 0 0 0 0 0 0 0 0 0 0 0 0 0 0 0 0 0 0 0 0 0 0 0 0 0 0 0 0 0 0 0 0 0 0 0 0 0 0 0 0 0 0 0 0 0 0 0 0 0 0 0 0 0 0 0 0 0 0 0 0 0 0 0 0 0 0 0 0 0 0 0 0 0 0 0 14795
14172 14478 14937 14902 14041 14672 14940 14887 14689 14312 14367 14950 14857 14703 14960 14153 14035 14879 14464 14989 14407 14657 14296 14318 14103 14788 14269 14515 14894 14684 14146 14340 14309 14095 14402 14940 14634 14190 14484 14114 14468 14087 14621 14332 14615 14335 14857 14004 14067 14053 14286 14777 14204 14993 14746 14873 14408 14567 14850 14681 14075 14123 14464 14115 14873 14249 14497 14593 14976 14164 14257 14559 14721 14134 14185 14708 14720 14191 14743 14449 14347 14733 14740 14672 14516 14008 14595 14849 14274 14473 14317 14120 14843 14559 14425 14763 14850 14394 14168 14158
14842 0 0 0 0 0 0 0 0 0 0 0 0 0 0 0 0 0 0 0 0 0 0 0 0 0 0 0 0 0 0 0 0 0 0 0 0 0 0 0 0 0 0 0 0 0 0 0 0 0 0 0 0 0 0 0 0 0 0 0 0 0 0 0 0 0 0 0 0 0 0 0 0 0 0 0 0 0 0 0 0 0 0 0 0 0 0 0 0 0 0 0 0 0 0 0 0 0 0 0
14438 14147 14377 14029 14237 14141 14451 14238 14493 14241 14550 14812 14209 14599 14210 14827 14109 14726 14570 14352 14724 14286 14030 14043 14796 14903 14610 14630 14722 14471 14654 14419 14822 14169 14625 14410 14495 14990 14452 14673 14455 14800 14572 14187 14674 14825 14320 14443 14835 14219 14200 14609 14184 14030 14809 14642 14114 14877 14119 14906 14744 14382 14159 14693 14143 14986 14926 14830 14930 14432 14334 14808 14122 14588 14019 14641 14100 14348 14204 14320 14608 14288 14488 14134 14098 14435 14419 14490 14464 14348 14409 14132 14203 14971 14986 14555 14123 14173 14849 14780
0 0 0 0 0 0 0 0 0 0 0 0 0 0 0 0 0 0 0 0 0 0 0 0 0 0 0 0 0 0 0 0 0 0 0 0 0 0 0 0 0 0 0 0 0 0 0 0 0 0 0 0 0 0 0 0 0 0 0 0 0 0 0 0 0 0 0 0 0 0 0 0 0 0 0 0 0 0 0 0 0 0 0 0 0 0 0 0 0 0 0 0 0 0 0 0 0 0 0 14726
14386 14035 14990 14031 14148 14840 14268 14234 14416 14849 14809 14470 14231 14182 14153 14163 14072 14434 14170 14870 14076 15000 14099 14364 14618 14180 14961 14563 14592 14767 14047 14811 14233 14954 14271 14479 14830 14531 14124 14462 14488 14654 14998 14206 14117 14428 14167 14674 14242 14076 14115 14843 14025 14475 14770 14172 14451 14497 14874 14414 14030 14963 14325 14671 14194 14234 14332 14800 14185 14103 14450 14940 14483 14244 14346 14277 14454 14614 14450 14716 14767 14416 14515 14155 14063 14336 14319 14589 14035 14124 14699 14130 14030 14423 14111 14442 14874 14223 14606 14671
14105 0 0 0 0 0 0 0 0 0 0 0 0 0 0 0 0 0 0 0 0 0 0 0 0 0 0 0 0 0 0 0 0 0 0 0 0 0 0 0 0 0 0 0 0 0 0 0 0 0 0 0 0 0 0 0 0 0 0 0 0 0 0 0 0 0 0 0 0 0 0 0 0 0 0 0 0 0 0 0 0 0 0 0 0 0 0 0 0 0 0 0 0 0 0 0 0 0 0 0
14017 14139 14686 14737 14709 14748 14645 14323 14028 14157 14493 14740 14340 14609 14550 14180 14077 14458 14310 14574 14189 14763 14129 14531 14355 14934 14648 14042 14798 14112 14375 14005 14989 14437 14439 14774 14907 14380 14395 14984 14419 14102 14441 14212 14939 14878 14109 14048 14995 14847 14210 14935 14311 14285 14246 14763 14028 14289 14033 14867 14424 14695 14329 14738 14266 14908 14332 14751 14612 14939 14502 14240 14880 14643 14673 14495 14033 14943 14777 14500 14376 14348 14732 14763 14686 14850 14756 14563 14008 14830 14692 14623 14591 14470 14429 14282 14325 14090 14054 14709
0 0 0 0 0 0 0 0 0 0 0 0 0 0 0 0 0 0 0 0 0 0 0 0 0 0 0 0 0 0 0 0 0 0 0 0 0 0 0 0 0 0 0 0 0 0 0 0 0 0 0 0 0 0 0 0 0 0 0 0 0 0 0 0 0 0 0 0 0 0 0 0 0 0 0 0 0 0 0 0 0 0 0 0 0 0 0 0 0 0 0 0 0 0 0 0 0 0 0 14002
14164 14899 14223 14583 14114 14759 14699 14314 14665 14241 14001 14816 14690 14477 14360 14936 14234 14479 14988 14998 14280 14892 14281 14133 14708 14692 14174 14357 14382 14714 14136 14665 14242 14342 14181 14201 14048 14928 14357 14818 14051 14830 14490 14654 14356 14681 14875 14342 14422 14126 14046 14022 14680 14228 14136 14241 14996 14820 14511 14288 14769 14519 14990 14419 14881 14801 14797 14435 14601 14296 14439 14621 14159 14567 14704 14629 14264 14298 14759 14762 14452 14385 14128 14841 14021 14335 14964 14543 14814 14226 14209 14098 14316 14786 14688 14492 14866 14537 14311 14900
14285 0 0 0 0 0 0 0 0 0 0 0 0 0 0 0 0 0 0 0 0 0 0 0 0 0 0 0 0 0 0 0 0 0 0 0 0 0 0 0 0 0 0 0 0 0 0 0 0 0 0 0 0 0 0 0 0 0 0 0 0 0 0 0 0 0 0 0 0 0 0 0 0 0 0 0 0 0 0 0 0 0 0 0 0 0 0 0 0 0 0 0 0 0 0 0 0 0 0 0
14302 14334 14425 14090 14839 14493 14130 14544 14351 14205 14730 14424 14764 14599 14141 14036 14192 14620 14968 14283 14995 14934 14253 14221 14080 14679 14098 14905 14930 14812 14955 14496 14448 14945 14091 14474 14838 14970 14209 14454 14758 14483 14741 14802 14494 14601 14398 14963 14919 14920 14813 14236 14691 14111 14015 14659 14803 14775 14076 14388 14133 14277 14692 14043 14981 14303 14059 14943 14124 14963 14366 14685 14024 14365 14595 14925 14443 14074 14906 14830 14859 14060 14180 14667 14178 14042 14000 14405 14777 14970 14976 14335 14972 14503 14727 14684 14279 14049 14794 14327
0 0 0 0 0 0 0 0 0 0 0 0 0 0 0 0 0 0 0 0 0 0 0 0 0 0 0 0 0 0 0 0 0 0 0 0 0 0 0 0 0 0 0 0 0 0 0 0 0 0 0 0 0 0 0 0 0 0 0 0 0 0 0 0 0 0 0 0 0 0 0 0 0 0 0 0 0 0 0 0 0 0 0 0 0 0 0 0 0 0 0 0 0 0 0 0 0 0 0 14845
14033 14748 14709 14051 14444 14752 14077 14192 14394 14482 14558 14422 14476 14697 14009 14466 14169 14797 14056 14609 14832 14132 14274 14795 14542 14365 14890 14788 14208 14718 14235 14521 14149 14599 14358 14873 14953 14640 14155 14414 14902 14741 14194 14387 14254 14192 14744 14034 14892 14573 14812 14843 14512 14737 14381 14583 14707 14970 14225 14425 14116 14915 14951 14826 14092 14660 14734 14392 14442 14590 14528 14551 14864 14528 14585 14092 14569 14797 14582 14396 14734 14159 14721 14742 14364 14021 14819 14895 14545 14076 14528 14505 14424 14864 14015 14930 14778 14701 14383 14864
14288 0 0 0 0 0 0 0 0 0 0 0 0 0 0 0 0 0 0 0 0 0 0 0 0 0 0 0 0 0 0 0 0 0 0 0 0 0 0 0 0 0 0 0 0 0 0 0 0 0 0 0 0 0 0 0 0 0 0 0 0 0 0 0 0 0 0 0 0 0 0 0 0 0 0 0 0 0 0 0 0 0 0 0 0 0 0 0 0 0 0 0 0 0 0 0 0 0 0 0
14384 14208 14909 14102 14234 14835 14511 14603 14654 14804 14491 14701 14915 14817 14592 14031 14065 14755 14347 14309 14351 14677 14542 14444 14232 14284 14249 14463 14111 14363 14013 14098 14398 14219 14789 14189 14952 14400 14725 14297 14422 14199 14442 14550 14630 14894 14447 14811 14980 14818 14664 14468 14815 14300 14476 14114 14925 14118 14811 14880 14180 14790 14105 14122 14757 14380 14755 14928 14317 14291 14746 14062 14723 14587 14473 14718 14260 14894 14400 14588 14976 14141 14173 14378 14367 14230 14520 14048 14486 14533 14856 14694 14432 14263 14856 14305 14528 14390 14253 14578
0 0 0 0 0 0 0 0 0 0 0 0 0 0 0 0 0 0 0 0 0 0 0 0 0 0 0 0 0 0 0 0 0 0 0 0 0 0 0 0 0 0 0 0 0 0 0 0 0 0 0 0 0 0 0 0 0 0 0 0 0 0 0 0 0 0 0 0 0 0 0 0 0 0 0 0 0 0 0 0 0 0 0 0 0 0 0 0 0 0 0 0 0 0 0 0 0 0 0 14501
14480 14559 14925 14073 14778 14279 14476 14422 14243 14248 14935 14013 14327 14081 14603 14271 14045 14370 14120 14400 14572 14390 14068 14877 14298 14065 14045 14160 14735 14421 14830 14754 14740 14547 14235 14307 14497 14475 14528 14779 14359 14533 14970 14934 14455 14987 14811 14975 14394 14099 14594 14089 14269 14899 14627 14480 14622 14629 14693 14397 14174 14794 14134 14103 14316 14762 14875 14799 14656 14032 14325 14098 14379 14979 14360 14594 14351 14183 14759 14620 14158 14441 14414 14456 14640 14784 14891 14913 14275 14977 14889 14424 14937 14865 14870 14297 14969 14390 14492 14321
14769 0 0 0 0 0 0 0 0 0 0 0 0 0 0 0 0 0 0 0 0 0 0 0 0 0 0 0 0 0 0 0 0 0 0 0 0 0 0 0 0 0 0 0 0 0 0 0 0 0 0 0 0 0 0 0 0 0 0 0 0 0 0 0 0 0 0 0 0 0 0 0 0 0 0 0 0 0 0 0 0 0 0 0 0 0 0 0 0 0 0 0 0 0 0 0 0 0 0 0
14619 14733 14737 14642 14594 14369 14020 14315 14032 14499 14445 14961 14534 14386 14856 14525 14714 14867 14497 14635 14013 14849 14369 14870 14305 14578 14679 14673 14621 14578 14347 14533 14005 14243 14098 14413 14412 14692 14021 14034 14684 14972 14522 14588 14966 14539 14454 14712 14169 14910 14973 14818 14110 14258 14676 14860 14956 14297 14055 14866 14378 14216 14383 14793 14146 14046 14872 14822 14159 14929 14453 14726 14044 14580 14859 14405 14104 14929 14714 14889 14458 14197 14133 14093 14525 14872 14901 14027 14657 14282 14057 14577 14868 14915 14814 14685 14844 14589 14218 14303
0 0 0 0 0 0 0 0 0 0 0 0 0 0 0 0 0 0 0 0 0 0 0 0 0 0 0 0 0 0 0 0 0 0 0 0 0 0 0 0 0 0 0 0 0 0 0 0 0 0 0 0 0 0 0 0 0 0 0 0 0 0 0 0 0 0 0 0 0 0 0 0 0 0 0 0 0 0 0 0 0 0 0 0 0 0 0 0 0 0 0 0 0 0 0 0 0 0 0 14071
14012 14922 14850 14147 14359 14999 14560 14548 14448 14581 14714 14149 14531 14802 14511 14802 14744 14458 14998 14828 14137 14802 14893 14904 14445 14270 14568 14211 14723 14828 14213 14272 14011 14563 14458 14718 14792 14487 14297 14657 14958 14721 14943 14812 14586 14908 14021 14463 14436 14616 14172 14427 14286 14832 14449 14055 14124 14389 14002 14548 14069 14396 14482 14515 14221 14489 14138 14667 14785 14217 14072 14062 14154 14829 14526 14312 14905 14867 14924 14882 14156 14505 14706 14736 14832 14528 14035 14859 14887 14327 14104 14141 14044 14910 14182 14050 14963 14344 14909 14647
14966 0 0 0 0 0 0 0 0 0 0 0 0 0 0 0 0 0 0 0 0 0 0 0 0 0 0 0 0 0 0 0 0 0 0 0 0 0 0 0 0 0 0 0 0 0 0 0 0 0 0 0 0 0 0 0 0 0 0 0 0 0 0 0 0 0 0 0 0 0 0 0 0 0 0 0 0 0 0 0 0 0 0 0 0 0 0 0 0 0 0 0 0 0 0 0 0 0 0 0
14979 14971 14291 14484 14277 14068 14165 14660 14337 14973 14088 14954 14091 14860 14732 14825 14642 14354 14166 14864 14005 14101 14844 14773 14793 14395 14123 14116 14784 14448 14187 14500 14325 14478 14028 14888 14310 14651 14244 14477 14477 14348 14149 14053 14139 14629 14251 14175 14529 14213 14568 14685 14936 14501 14234 14067 14236 14612 14278 14375 14865 14120 14901 14656 14527 14406 14404 14731 14302 14868 14689 14313 14107 14009 14304 14552 14574 14044 14752 14198 14620 14238 14296 14873 14455 14453 14151 14201 14957 14505 14848 14662 14173 14498 14569 14356 14797 14212 14124 14269
0 0 0 0 0 0 0 0 0 0 0 0 0 0 0 0 0 0 0 0 0 0 0 0 0 0 0 0 0 0 0 0 0 0 0 0 0 0 0 0 0 0 0 0 0 0 0 0 0 0 0 0 0 0 0 0 0 0 0 0 0 0 0 0 0 0 0 0 0 0 0 0 0 0 0 0 0 0 0 0 0 0 0 0 0 0 0 0 0 0 0 0 0 0 0 0 0 0 0 14713
14470 14041 14443 14825 14721 14954 14230 14269 14656 14757 14213 14060 14551 14094 14356 14141 14099 14195 14575 14755 14535 14269 14374 14384 14412 14281 14814 14249 14214 14072 14101 14615 14309 14567 14142 14235 14024 14378 14350 14651 14861 14574 14274 14014 14017 14326 14170 14911 14824 14237 14715 14305 14180 14646 14434 14439 14169 14557 14027 14864 14162 14255 14399 14333 14925 14119 14074 14058 14990 14849 14280 14784 14384 14385 14146 14475 14276 14119 14213 14087 14921 14882 14766 14382 14257 14491 14744 14634 14005 14140 14439 14393 14405 14809 14610 14881 14590 14335 14357 14271
14350 0 0 0 0 0 0 0 0 0 0 0 0 0 0 0 0 0 0 0 0 0 0 0 0 0 0 0 0 0 0 0 0 0 0 0 0 0 0 0 0 0 0 0 0 0 0 0 0 0 0 0 0 0 0 0 0 0 0 0 0 0 0 0 0 0 0 0 0 0 0 0 0 0 0 0 0 0 0 0 0 0 0 0 0 0 0 0 0 0 0 0 0 0 0 0 0 0 0 0
14712 14269 14954 14418 14566 14798 14177 14763 14973 14338 14158 14001 14809 14508 14327 14896 14159 14937 14120 14920 14334 14353 14036 14579 14065 14843 14530 14089 14758 14563 14214 14204 14624 14950 14040 14860 14732 14926 14234 14579 14039 14588 14132 14376 14351 14893 14946 14249 14036 14911 14951 14026 14865 14458 14584 14985 14174 14667 14884 14056 14030 14705 14616 14045 14216 14757 14549 14723 14277 14419 14629 14610 14811 14004 14197 14840 14079 14524 14560 14387 14553 14705 14938 14005 14696 14222 14340 14673 14954 14676 14579 14979 14448 14837 14793 14171 14494 14976 14607 14530
0 0 0 0 0 0 0 0 0 0 0 0 0 0 0 0 0 0 0 0 0 0 0 0 0 0 0 0 0 0 0 0 0 0 0 0 0 0 0 0 0 0 0 0 0 0 0 0 0 0 0 0 0 0 0 0 0 0 0 0 0 0 0 0 0 0 0 0 0 0 0 0 0 0 0 0 0 0 0 0 0 0 0 0 0 0 0 0 0 0 0 0 0 0 0 0 0 0 0 14592
14174 14539 14055 14498 14563 14785 14712 14546 14318 14583 14606 14359 14368 14606 14676 14939 14950 14781 14822 14958 14788 14125 14533 14333 14322 14408 14357 14702 14182 14878 14713 14198 14921 14870 14914 14672 14453 14548 14807 14840 14697 14512 14103 14102 14947 14368 14990 14698 14872 14862 14521 14636 14792 14127 14154 14035 14916 14265 14250 14144 14140 14226 14923 14667 14798 14257 14487 14096 14420 14078 14476 14008 14079 14431 14945 14095 14264 14563 14748 14400 14901 15000 14442 14721 14778 14697 14698 14382 14798 14645 14525 14990 14344 14443 14766 14092 14086 14524 14765 14431
14360 0 0 0 0 0 0 0 0 0 0 0 0 0 0 0 0 0 0 0 0 0 0 0 0 0 0 0 0 0 0 0 0 0 0 0 0 0 0 0 0 0 0 0 0 0 0 0 0 0 0 0 0 0 0 0 0 0 0 0 0 0 0 0 0 0 0 0 0 0 0 0 0 0 0 0 0 0 0 0 0 0 0 0 0 0 0 0 0 0 0 0 0 0 0 0 0 0 0 0
14796 14279 14338 14274 14927 14569 14233 14113 14606 14185 14828 14849 14707 14591 14481 14478 14941 14548 14977 14941 14461 14861 14571 14541 14378 14135 14019 14368 14556 14395 14660 14054 14585 14145 14157 14107 14756 14979 14770 14959 14215 14641 14373 14521 14869 14070 14523 14719 14966 14939 14357 14399 14046 14890 14385 14203 14193 14763 14423 14719 14147 14942 14486 14138 14138 14997 14768 14139 14714 14611 14783 14512 14322 14030 14722 14260 14835 14485 14649 14998 14391 14665 14122 14451 14439 14710 14319 14753 14206 14957 14577 14040 14016 14357 14148 14048 14860 14729 14076 14446
0 0 0 0 0 0 0 0 0 0 0 0 0 0 0 0 0 0 0 0 0 0 0 0 0 0 0 0 0 0 0 0 0 0 0 0 0 0 0 0 0 0 0 0 0 0 0 0 0 0 0 0 0 0 0 0 0 0 0 0 0 0 0 0 0 0 0 0 0 0 0 0 0 0 0 0 0 0 0 0 0 0 0 0 0 0 0 0 0 0 0 0 0 0 0 0 0 0 0 14080
14654 14405 14756 14296 14487 14190 14654 14798 14301 14128 14829 14729 14577 14633 14765 14880 14133 14328 14176 14315 14729 14857 14535 14777 14396 14184 14509 14460 14922 14819 14539 14636 14935 14204 14893 14474 14033 14504 14577 14809 14311 14101 15000 14126 14367 14854 14525 14911 14330 14500 14308 14972 14710 14337 14256 14962 14484 14202 14247 14418 14825 14580 14782 14133 14115 14539 14696 14624 14107 14198 14685 14268 14042 14944 14963 14329 14453 14228 14560 14770 14373 14799 14273 14266 14102 14048 14586 14888 14407 14417 14547 14208 14663 14717 14434 14018 14114 14238 14729 14684
14453 0 0 0 0 0 0 0 0 0 0 0 0 0 0 0 0 0 0 0 0 0 0 0 0 0 0 0 0 0 0 0 0 0 0 0 0 0 0 0 0 0 0 0 0 0 0 0 0 0 0 0 0 0 0 0 0 0 0 0 0 0 0 0 0 0 0 0 0 0 0 0 0 0 0 0 0 0 0 0 0 0 0 0 0 0 0 0 0 0 0 0 0 0 0 0 0 0 0 0
14237 14075 14686 14752 14266 14668 14351 14357 14189 14897 14236 14455 14472 14756 14748 14798 14844 14988 14312 14861 14584 14418 14939 14994 14509 14576 14992 14534 14391 14652 14822 14383 14352 14051 14105 14649 14809 14863 14958 14486 14574 14874 14162 14900 14395 14681 14999 14337 14216 14435 14634 14770 14731 14973 14312 14981 14526 14830 14910 14750 14363 14009 14233 14833 14780 14635 14188 14521 14355 14641 14455 14075 14826 14501 14910 14761 14482 14353 14466 14323 14759 14189 14703 14001 14976 14275 14913 14866 14661 14013 14647 14826 14249 14217 14863 14511 14627 14311 14928 14761
0 0 0 0 0 0 0 0 0 0 0 0 0 0 0 0 0 0 0 0 0 0 0 0 0 0 0 0 0 0 0 0 0 0 0 0 0 0 0 0 0 0 0 0 0 0 0 0 0 0 0 0 0 0 0 0 0 0 0 0 0 0 0 0 0 0 0 0 0 0 0 0 0 0 0 0 0 0 0 0 0 0 0 0 0 0 0 0 0 0 0 0 0 0 0 0 0 0 0 14484
14331 14832 14918 14131 14461 14646 14874 14529 14450 14534 14266 14952 14249 14553 14321 14379 14120 14229 14708 14105 14636 14717 14935 14724 14131 14400 14365 14699 14616 14653 14875 14376 14271 14649 14873 14573 14774 14953 14479 14483 14331 14505 14631 14977 14335 14084 14290 14280 14133 14054 14080 14069 14396 14614 14853 14983 14747 14962 14418 14973 14928 14008 14940 14111 14355 14043 14587 14646 14612 14907 14559 14799 14694 14353 14415 14265 14454 14370 14352 14251 14644 14469 14113 14748 14334 14144 14471 14988 14974 14037 14743 14678 14929 14154 14709 14650 14921 14894 14842 14839
14492 0 0 0 0 0 0 0 0 0 0 0 0 0 0 0 0 0 0 0 0 0 0 0 0 0 0 0 0 0 0 0 0 0 0 0 0 0 0 0 0 0 0 0 0 0 0 0 0 0 0 0 0 0 0 0 0 0 0 0 0 0 0 0 0 0 0 0 0 0 0 0 0 0 0 0 0 0 0 0 0 0 0 0 0 0 0 0 0 0 0 0 0 0 0 0 0 0 0 0
14057 14336 14793 14140 14283 14668 14429 14257 14956 14538 14254 14738 14034 14116 14550 14072 14358 14484 14030 14287 14153 14714 14910 14989 14377 14717 14510 14938 14884 14348 14925 14358 14989 14139 14471 14754 14849 14185 14317 14528 14622 14994 14389 14324 14783 14565 14210 14659 15000 14444 14455 14444 14548 14545 14160 14479 14634 14698 14483 14754 14560 14834 14672 14767 14401 14185 14378 14765 14131 14002 14503 14582 14631 14910 14539 14190 14797 14698 14224 14166 14800 14647 14667 14888 14489 14548 14217 14672 14789 14290 14987 14842 14729 14539 14644 14179 14330 14388 14887 14145
0 0 0 0 0 0 0 0 0 0 0 0 0 0 0 0 0 0 0 0 0 0 0 0 0 0 0 0 0 0 0 0 0 0 0 0 0 0 0 0 0 0 0 0 0 0 0 0 0 0 0 0 0 0 0 0 0 0 0 0 0 0 0 0 0 0 0 0 0 0 0 0 0 0 0 0 0 0 0 0 0 0 0 0 0 0 0 0 0 0 0 0 0 0 0 0 0 0 0 14978
14307 14891 14444 14586 14080 14679 14717 14288 14464 14436 14759 14674 14302 14877 14111 14210 14705 14709 14988 14267 14258 14828 14235 14600 14878 14478 14593 14812 14421 14150 14567 14635 14904 14160 14611 14256 14998 14396 14171 14788 14562 14427 14033 14915 14652 14136 14886 14930 14266 14230 14718 14516 14294 14592 14673 14182 14474 14107 14228 14793 14625 14107 14065 14686 14648 14610 14820 14639 14357 14995 14587 14004 14853 14603 14603 14577 14329 14193 14550 14375 14641 14334 14937 14707 14464 14268 14924 14756 14655 14362 14453 14377 14038 14211 14696 14460 14835 14309 14328 14987
14954 0 0 0 0 0 0 0 0 0 0 0 0 0 0 0 0 0 0 0 0 0 0 0 0 0 0 0 0 0 0 0 0 0 0 0 0 0 0 0 0 0 0 0 0 0 0 0 0 0 0 0 0 0 0 0 0 0 0 0 0 0 0 0 0 0 0 0 0 0 0 0 0 0 0 0 0 0 0 0 0 0 0 0 0 0 0 0 0 0 0 0 0 0 0 0 0 0 0 0
14671 14720 14475 14556 14613 14010 14228 14629 14586 14608 14031 14828 14494 14644 14519 14425 14998 14981 14153 14622 14328 14107 14293 14002 14478 14965 14597 14858 14621 14251 14802 14686 14472 14400 14993 14323 14835 14116 14749 14807 14306 14787 14527 14335 14080 14106 14014 14708 14002 14363 14872 14142 14308 14664 14021 14168 14151 14224 14506 14338 14652 14763 14478 14454 14210 14789 14868 14314 14272 14992 14512 14145 14012 14497 14642 14057 14196 14032 14445 14085 14209 14305 14987 14671 14712 14134 14441 14708 14669 14499 14056 14710 14529 14876 14553 14735 14510 14533 14321 14922
0 0 0 0 0 0 0 0 0 0 0 0 0 0 0 0 0 0 0 0 0 0 0 0 0 0 0 0 0 0 0 0 0 0 0 0 0 0 0 0 0 0 0 0 0 0 0 0 0 0 0 0 0 0 0 0 0 0 0 0 0 0 0 0 0 0 0 0 0 0 0 0 0 0 0 0 0 0 0 0 0 0 0 0 0 0 0 0 0 0 0 0 0 0 0 0 0 0 0 14802
14937 14093 14263 14966 14178 14733 14082 14046 14767 14684 14075 14245 14926 14902 14072 14753 14161 14852 14443 14109 14089 14099 14098 14863 14742 14899 14708 14960 14204 14431 14399 14432 14545 14365 14128 14495 14660 14206 14302 14709 14777 14802 14981 14064 14414 14107 14083 14459 14641 14896 14530 14660 14855 14921 14203 14094 14526 14363 14815 14701 14509 14360 14773 14025 14669 14223 14439 14825 14645 14057 14767 14700 14753 14801 14573 14644 14903 14915 14829 14714 14895 14037 14738 14786 14616 14714 14436 14749 14602 14909 14996 14164 14650 14360 14122 14178 14011 14505 14855 14328
14219 0 0 0 0 0 0 0 0 0 0 0 0 0 0 0 0 0 0 0 0 0 0 0 0 0 0 0 0 0 0 0 0 0 0 0 0 0 0 0 0 0 0 0 0 0 0 0 0 0 0 0 0 0 0 0 0 0 0 0 0 0 0 0 0 0 0 0 0 0 0 0 0 0 0 0 0 0 0 0 0 0 0 0 0 0 0 0 0 0 0 0 0 0 0 0 0 0 0 0
14682 14666 14849 14504 14765 14265 14433 14355 14580 14907 14135 14197 14933 14911 14021 14673 14294 14549 14397 14295 14934 14884 14156 14225 14338 14636 14622 14301 14970 14120 14296 14327 14784 14429 14735 14570 14356 14085 14221 14209 14259 14180 14355 14710 14908 14577 14464 14772 14969 14650 14667 14615 14180 14318 14840 14231 14495 14627 14475 14516 14049 14102 14147 14556 14157 14681 14877 14601 14251 14069 14834 14509 14277 14190 14881 14789 14875 14966 14537 14974 14635 14742 14399 14828 14041 14271 14681 14576 14606 14671 14475 14143 14737 14023 14459 14492 14540 14480 14088 14284
0 0 0 0 0 0 0 0 0 0 0 0 0 0 0 0 0 0 0 0 0 0 0 0 0 0 0 0 0 0 0 0 0 0 0 0 0 0 0 0 0 0 0 0 0 0 0 0 0 0 0 0 0 0 0 0 0 0 0 0 0 0 0 0 0 0 0 0 0 0 0 0 0 0 0 0 0 0 0 0 0 0 0 0 0 0 0 0 0 0 0 0 0 0 0 0 0 0 0 14606
14956 14071 14432 14156 14773 14134 14822 14417 14004 14486 14508 14386 14878 14353 14314 14758 14336 14672 14181 14725 14759 14850 14862 14375 14093 14519 14512 14742 14262 14256 14497 14256 14514 14797 14795 14658 14526 14539 14835 14609 14688 14110 14008 14724 14013 14026 14952 14006 14764 14711 14459 14221 14918 14041 14187 14152 14713 14706 14802 14020 14832 14838 14362 14934 14667 14220 14756 14795 14425 14364 14351 14785 14450 14088 14947 14304 14223 14132 14076 14959 14773 14868 14907 14730 14262 14437 14898 14181 14513 14118 14769 14847 14795 14645 14621 14662 14826 14232 14199 14976
14418 0 0 0 0 0 0 0 0 0 0 0 0 0 0 0 0 0 0 0 0 0 0 0 0 0 0 0 0 0 0 0 0 0 0 0 0 0 0 0 0 0 0 0 0 0 0 0 0 0 0 0 0 0 0 0 0 0 0 0 0 0 0 0 0 0 0 0 0 0 0 0 0 0 0 0 0 0 0 0 0 0 0 0 0 0 0 0 0 0 0 0 0 0 0 0 0 0 0 0
14271 14403 14508 14314 14283 14499 14541 14416 14186 14065 14244 14938 14388 14744 14865 14737 14940 14644 14584 14169 14310 14389 14046 14119 14903 14285 14329 14631 14355 14384 14489 14981 14162 14851 14128 14978 14842 14687 14297 14846 14442 14984 14016 14916 14768 14183 14966 14174 14223 14969 14329 14292 14130 14539 14110 14350 14374 14411 14236 14577 14373 14930 14494 14105 14105 14933 14849 14361 14487 14362 14539 14453 14410 14974 14821 14127 14216 14208 14002 14416 14118 14425 14543 14139 14488 14383 14419 14629 14761 14635 14739 14932 14903 14121 14449 14328 14097 14398 14610 14477
0 0 0 0 0 0 0 0 0 0 0 0 0 0 0 0 0 0 0 0 0 0 0 0 0 0 0 0 0 0 0 0 0 0 0 0 0 0 0 0 0 0 0 0 0 0 0 0 0 0 0 0 0 0 0 0 0 0 0 0 0 0 0 0 0 0 0 0 0 0 0 0 0 0 0 0 0 0 0 0 0 0 0 0 0 0 0 0 0 0 0 0 0 0 0 0 0 0 0 14753
14265 14167 14679 14713 14439 14403 14783 14830 14673 14126 14022 14508 14666 14291 14456 14404 14531 14969 14148 14356 14222 14778 14155 14883 14718 14971 14500 14978 14243 14499 14044 14987 14440 14470 14647 14145 14313 14735 14668 14847 14402 14094 14262 14447 14293 14530 14863 14953 14749 14692 14701 14621 14614 14170 14410 14768 14673 14921 14799 14972 14139 14840 14244 14235 14592 14767 14937 14750 14541 14766 14097 14518 14038 14647 14602 14607 14660 14861 14833 14501 14783 14160 14850 14383 14809 14500 14664 14246 14470 14163 14676 14225 14539 14865 14098 14374 14771 14988 14392 14920
14584 0 0 0 0 0 0 0 0 0 0 0 0 0 0 0 0 0 0 0 0 0 0 0 0 0 0 0 0 0 0 0 0 0 0 0 0 0 0 0 0 0 0 0 0 0 0 0 0 0 0 0 0 0 0 0 0 0 0 0 0 0 0 0 0 0 0 0 0 0 0 0 0 0 0 0 0 0 0 0 0 0 0 0 0 0 0 0 0 0 0 0 0 0 0 0 0 0 0 0
14548 14709 14119 14864 14166 14503 14045 14553 14134 14107 14612 14859 14704 14888 14290 14878 14816 14513 14413 14204 14670 14933 14624 14942 14766 14689 14397 14816 14443 14916 14073 14897 14090 14304 14971 14225 14657 14336 14165 14009 14359 14727 14458 14272 14903 14709 14178 14046 14160 14180 14842 14063 14804 14637 14770 14491 14666 14750 14836 14136 14954 14683 14306 14195 14804 14492 14840 14785 14396 14246 14121 14337 14796 14384 14017 14688 14306 14666 14813 14285 14737 14155 14763 14558 14577 14858 14665 14795 14114 14482 14689 14462 14175 14643 14405 14801 14803 14051 14518 14969
0 0 0 0 0 0 0 0 0 0 0 0 0 0 0 0 0 0 0 0 0 0 0 0 0 0 0 0 0 0 0 0 0 0 0 0 0 0 0 0 0 0 0 0 0 0 0 0 0 0 0 0 0 0 0 0 0 0 0 0 0 0 0 0 0 0 0 0 0 0 0 0 0 0 0 0 0 0 0 0 0 0 0 0 0 0 0 0 0 0 0 0 0 0 0 0 0 0 0 14610
14846 14759 14352 14791 14463 14939 14196 14993 14624 14595 14287 14364 14396 14316 14459 14738 14878 14908 14507 14079 14881 14723 14805 14627 14490 14061 14171 14370 14343 14954 14516 14817 14860 14743 14675 14478 14078 14218 14174 14881 14477 14060 14947 14364 14652 14013 14450 14637 14945 14699 14651 14777 14457 14458 14188 14351 14644 14549 14551 14861 14310 14796 14778 14784 14676 14663 14165 14013 14482 14888 14517 14950 14484 14801 14708 14737 14065 14598 14708 14819 14855 14229 14707 14844 14222 14992 14446 14536 14214 14800 14933 14661 14929 14788 14526 14377 14038 14063 14519 14913
14888 0 0 0 0 0 0 0 0 0 0 0 0 0 0 0 0 0 0 0 0 0 0 0 0 0 0 0 0 0 0 0 0 0 0 0 0 0 0 0 0 0 0 0 0 0 0 0 0 0 0 0 0 0 0 0 0 0 0 0 0 0 0 0 0 0 0 0 0 0 0 0 0 0 0 0 0 0 0 0 0 0 0 0 0 0 0 0 0 0 0 0 0 0 0 0 0 0 0 0
14973 14366 14544 14830 14451 14641 14484 14431 14454 14017 14208 14363 14789 14513 14361 14283 14359 14259 14060 14236 14643 14827 14627 14141 14612 14514 14330 14402 14708 14290 14207 14127 14237 14441 14228 14416 14928 14250 14648 14612 14772 14762 14357 14941 14157 14809 14073 14779 14408 14803 14636 14319 14437 14245 14259 14705 14880 14416 14218 14644 14482 14347 14704 14693 14397 14018 14205 14729 14988 14753 14434 14813 14334 14920 14371 14126 14149 14858 14191 14908 14391 14184 14369 14512 14641 14614 14219 14519 14371 14360 14454 14674 14298 14085 14466 14719 14332 14056 14517 14695
0 0 0 0 0 0 0 0 0 0 0 0 0 0 0 0 0 0 0 0 0 0 0 0 0 0 0 0 0 0 0 0 0 0 0 0 0 0 0 0 0 0 0 0 0 0 0 0 0 0 0 0 0 0 0 0 0 0 0 0 0 0 0 0 0 0 0 0 0 0 0 0 0 0 0 0 0 0 0 0 0 0 0 0 0 0 0 0 0 0 0 0 0 0 0 0 0 0 0 14115
14348 14252 14550 14544 14330 14440 14475 14367 14690 14736 14376 14671 14026 14835 14181 14917 14591 14557 14772 14209 14655 14790 14874 14991 14652 14365 14555 14382 14749 14542 14648 14646 14277 14499 14614 14270 14002 14986 14876 14158 14502 14901 14218 14954 14717 14247 14494 14010 14644 14376 14393 14681 14376 14539 14216 14299 14790 14318 14129 14135 14258 14599 14212 14476 14102 14841 14449 14597 14274 14188 14578 14481 14711 14696 14848 14955 14355 14647 14316 14034 14661 14292 14295 14046 14153 14868 14546 14284 14713 14387 14581 14326 14393 14878 14036 14908 14352 14469 14215 14918
14200 0 0 0 0 0 0 0 0 0 0 0 0 0 0 0 0 0 0 0 0 0 0 0 0 0 0 0 0 0 0 0 0 0 0 0 0 0 0 0 0 0 0 0 0 0 0 0 0 0 0 0 0 0 0 0 0 0 0 0 0 0 0 0 0 0 0 0 0 0 0 0 0 0 0 0 0 0 0 0 0 0 0 0 0 0 0 0 0 0 0 0 0 0 0 0 0 0 0 0
14302 14517 14197 14150 14796 14335 14138 14769 14981 14190 14045 14953 14034 14688 14653 14530 14773 14755 14927 14156 14055 14159 14909 14649 14003 14278 14980 14516 14361 14937 14445 14097 14480 14862 14707 14392 14213 14274 14462 14831 14170 14270 14113 14069 14160 14142 14299 14596 14273 14094 14390 14920 14934 14063 14308 14705 14164 14724 14288 14838 14991 14617 14308 14351 14575 14930 14739 14037 14887 14035 14489 14620 14171 14558 14633 14952 14708 14767 14448 14313 14456 14301 14612 14829 14038 14707 14674 14708 14472 14756 14348 14961 14409 14961 14704 14667 14354 14680 14161 14081
0 0 0 0 0 0 0 0 0 0 0 0 0 0 0 0 0 0 0 0 0 0 0 0 0 0 0 0 0 0 0 0 0 0 0 0 0 0 0 0 0 0 0 0 0 0 0 0 0 0 0 0 0 0 0 0 0 0 0 0 0 0 0 0 0 0 0 0 0 0 0 0 0 0 0 0 0 0 0 0 0 0 0 0 0 0 0 0 0 0 0 0 0 0 0 0 0 0 0 14316
14364 14517 14114 14773 14765 14483 14278 14740 14522 14328 14006 14516 14765 14149 14556 14180 14515 14787 14364 14360 14856 14847 14582 14259 14470 14773 14651 14956 14730 14630 14350 14477 14611 14087 14183 14954 14428 14935 14483 14661 14059 14262 14828 14232 14676 14390 14835 14710 14830 14766 14061 14493 14767 14685 14786 14474 14028 14729 14155 14503 14242 14959 14681 14303 14739 14020 14687 14922 14457 14725 14267 14063 14378 14113 14496 14997 14873 14165 14888 14777 14706 14181 14740 14558 14088 14796 14035 14430 14001 14446 14843 14898 14531 14572 14611 14411 14969 14355 14942 14195
14432 0 0 0 0 0 0 0 0 0 0 0 0 0 0 0 0 0 0 0 0 0 0 0 0 0 0 0 0 0 0 0 0 0 0 0 0 0 0 0 0 0 0 0 0 0 0 0 0 0 0 0 0 0 0 0 0 0 0 0 0 0 0 0 0 0 0 0 0 0 0 0 0 0 0 0 0 0 0 0 0 0 0 0 0 0 0 0 0 0 0 0 0 0 0 0 0 0 0 0
14709 14417 14075 14035 14730 14517 14607 14258 14309 14342 14516 14067 14036 14965 14446 14055 14177 14854 14638 14670 14402 14353 14329 14411 14960 14175 14305 14721 14000 14693 14416 14632 14870 14606 14108 14325 14506 14215 14753 14870 14760 14564 14129 14775 14736 14995 14391 14385 14372 14552 14893 14916 14677 14724 14749 14723 14661 14557 14238 14916 14697 14964 14120 14053 14604 14813 14328 14074 14339 14057 14108 14080 14481 14786 14953 14578 14614 14887 14799 14397 14041 14863 14049 14190 14070 14240 14866 14133 14339 14916 14293 14630 14913 14811 14770 14906 14106 14416 14798 14232
0 0 0 0 0 0 0 0 0 0 0 0 0 0 0 0 0 0 0 0 0 0 0 0 0 0 0 0 0 0 0 0 0 0 0 0 0 0 0 0 0 0 0 0 0 0 0 0 0 0 0 0 0 0 0 0 0 0 0 0 0 0 0 0 0 0 0 0 0 0 0 0 0 0 0 0 0 0 0 0 0 0 0 0 0 0 0 0 0 0 0 0 0 0 0 0 0 0 0 14314
14961 14105 14474 14021 14155 14499 14196 14219 14750 14584 14545 14286 14455 14096 14331 14382 14556 14220 14418 14439 14466 14999 14687 14439 14939 14925 14573 14497 14536 14549 14570 14199 14663 14751 14215 14119 14111 14171 14963 14205 14840 14285 14417 14246 14972 14642 14361 14360 14976 14615 14285 14996 14436 14283 14368 14614 14344 14521 14570 14005 14821 14866 14700 14516 14708 14754 14067 14705 14438 14035 14325 14409 14487 14012 14347 14521 14539 14703 14224 14339 14989 14711 14742 14683 14542 14543 14907 14023 14160 14029 14076 14526 14696 14374 14034 14246 14224 14236 14974 14467
14372 0 0 0 0 0 0 0 0 0 0 0 0 0 0 0 0 0 0 0 0 0 0 0 0 0 0 0 0 0 0 0 0 0 0 0 0 0 0 0 0 0 0 0 0 0 0 0 0 0 0 0 0 0 0 0 0 0 0 0 0 0 0 0 0 0 0 0 0 0 0 0 0 0 0 0 0 0 0 0 0 0 0 0 0 0 0 0 0 0 0 0 0 0 0 0 0 0 0 0
14084 14843 14448 14052 14456 14010 14383 14389 14806 14364 14218 14390 14073 14017 14651 14092 14699 14484 14603 14071 14551 14389 14533 14791 14713 14465 14669 14672 14699 14317 14398 14438 14209 14010 14483 14111 14619 14757 14463 14742 14035 14540 14730 14930 14478 14486 14494 14118 14489 14703 14569 14372 14570 14477 14654 14951 14030 14153 14293 14530 14009 14045 14879 14114 14432 14597 14625 14629 14639 14352 14386 14485 14765 14134 14455 14774 14420 14140 14998 14155 14651 14326 14785 14917 14028 14380 14547 14763 14919 14280 14597 14588 14571 14846 14709 14177 14975 14463 14047 14374
0 0 0 0 0 0 0 0 0 0 0 0 0 0 0 0 0 0 0 0 0 0 0 0 0 0 0 0 0 0 0 0 0 0 0 0 0 0 0 0 0 0 0 0 0 0 0 0 0 0 0 0 0 0 0 0 0 0 0 0 0 0 0 0 0 0 0 0 0 0 0 0 0 0 0 0 0 0 0 0 0 0 0 0 0 0 0 0 0 0 0 0 0 0 0 0 0 0 0 14584
14201 14830 14768 14628 14671 14207 14814 14381 14497 14115 14830 14290 14609 14883 14734 14459 14419 14881 14236 14339 14366 14543 14606 14589 14600 14734 14655 14973 14897 14699 14333 14188 14506 14171 14413 14100 14192 14179 14128 14026 14968 14793 14986 14742 14903 14017 14434 14641 14314 14269 14393 14954 14454 14807 14387 14359 14534 14821 14869 14830 14980 14089 14258 14315 14179 14468 14780 14729 14307 14500 14688 14380 14401 14264 14121 14932 14779 14372 14882 14408 14630 14785 14996 14496 14224 14903 14896 14448 14421 14052 14755 14748 14939 14878 14102 14810 14189 14498 14957 14144
14806 0 0 0 0 0 0 0 0 0 0 0 0 0 0 0 0 0 0 0 0 0 0 0 0 0 0 0 0 0 0 0 0 0 0 0 0 0 0 0 0 0 0 0 0 0 0 0 0 0 0 0 0 0 0 0 0 0 0 0 0 0 0 0 0 0 0 0 0 0 0 0 0 0 0 0 0 0 0 0 0 0 0 0 0 0 0 0 0 0 0 0 0 0 0 0 0 0 0 0
14663 14796 14060 14095 14468 14615 14783 14311 14277 14247 14047 14449 14530 14007 14387 14647 14256 14606 14989 14116 14954 14831 14730 14149 14528 14569 14436 14193 14575 14498 14536 14714 14140 14563 14219 14785 14129 14159 14998 14120 14613 14883 14931 14099 14873 14348 14728 14903 14938 14432 14040 14252 14286 14632 14162 14577 14598 14626 14464 14793 14506 14153 14851 14848 14883 14009 14264 14188 14366 14834 14485 14038 14423 14781 14619 14668 14367 14202 14682 14127 14939 14494 14076 14092 14959 14316 14365 14413 14106 14336 14327 14864 14419 14640 14114 14214 14140 14169 14431 14904
0 0 0 0 0 0 0 0 0 0 0 0 0 0 0 0 0 0 0 0 0 0 0 0 0 0 0 0 0 0 0 0 0 0 0 0 0 0 0 0 0 0 0 0 0 0 0 0 0 0 0 0 0 0 0 0 0 0 0 0 0 0 0 0 0 0 0 0 0 0 0 0 0 0 0 0 0 0 0 0 0 0 0 0 0 0 0 0 0 0 0 0 0 0 0 0 0 0 0 14080
14420 14684 14969 14782 14691 14464 14807 14033 14271 14907 14649 14081 14512 14468 14279 14166 14396 14007 14360 14530 14211 14467 14168 14212 14067 14161 14851 14834 14986 14444 14543 14234 14864 14195 14400 14708 14755 14620 14648 14712 14474 14447 14317 14366 14138 14475 14826 14458 14176 14820 14833 14248 14035 14875 14078 14524 14621 14452 14998 14374 14585 14148 14857 14373 14738 14448 14244 14021 14558 14310 14174 14814 14144 14244 14167 14606 14128 14802 14667 14330 14264 14397 14518 14248 14302 14893 14452 14401 14723 14414 14703 14768 14030 14335 14816 14174 14276 14620 14467 14368
14074 0 0 0 0 0 0 0 0 0 0 0 0 0 0 0 0 0 0 0 0 0 0 0 0 0 0 0 0 0 0 0 0 0 0 0 0 0 0 0 0 0 0 0 0 0 0 0 0 0 0 0 0 0 0 0 0 0 0 0 0 0 0 0 0 0 0 0 0 0 0 0 0 0 0 0 0 0 0 0 0 0 0 0 0 0 0 0 0 0 0 0 0 0 0 0 0 0 0 0
14758 14132 14354 14363 14208 14715 14019 14053 14098 14153 14841 14371 14579 14264 14888 14238 14143 14869 14582 14260 14744 14073 14269 14303 14245 14455 14016 14630 14879 14362 14250 14258 14493 14317 14632 14024 14539 14019 14561 14991 14627 14370 14049 14386 14576 14546 14336 14629 14570 14912 14583 14908 14437 14223 14473 14608 14219 14860 14889 14840 14459 14898 14376 14411 14374 14543 14865 14305 14178 14797 14781 14435 14132 14108 14048 14642 14584 14308 14183 14865 14332 14918 14023 14302 14340 14807 14252 14155 14169 14090 14895 14698 14956 14563 14241 14017 14743 14988 14170 14539
0 0 0 0 0 0 0 0 0 0 0 0 0 0 0 0 0 0 0 0 0 0 0 0 0 0 0 0 0 0 0 0 0 0 0 0 0 0 0 0 0 0 0 0 0 0 0 0 0 0 0 0 0 0 0 0 0 0 0 0 0 0 0 0 0 0 0 0 0 0 0 0 0 0 0 0 0 0 0 0 0 0 0 0 0 0 0 0 0 0 0 0 0 0 0 0 0 0 0 14197
14039 14751 14032 14124 14276 14586 14378 14405 14057 14842 14521 14655 14421 14669 14618 14084 14896 14528 14253 14114 14710 14510 14045 14594 14301 14028 14058 14726 14273 14173 14211 14231 14887 14273 14304 14455 14073 14745 14407 14855 14192 14941 14151 14628 14468 14224 14939 14619 14078 14270 14379 14867 14509 14809 14349 14758 14205 14743 14707 14148 14573 14050 14919 14006 14799 14465 14992 14457 14021 14683 14146 14501 14750 14279 14158 14448 14445 14034 14717 14073 14585 14567 14287 14865 14699 14609 14104 14966 14830 14713 14662 14011 14313 14509 14958 14455 14914 14483 14270 14418
14219 0 0 0 0 0 0 0 0 0 0 0 0 0 0 0 0 0 0 0 0 0 0 0 0 0 0 0 0 0 0 0 0 0 0 0 0 0 0 0 0 0 0 0 0 0 0 0 0 0 0 0 0 0 0 0 0 0 0 0 0 0 0 0 0 0 0 0 0 0 0 0 0 0 0 0 0 0 0 0 0 0 0 0 0 0 0 0 0 0 0 0 0 0 0 0 0 0 0 0
14332 14424 14113 14651 14243 14608 14392 14943 14039 14175 14427 14789 14828 14383 14467 14949 14482 14394 14621 14839 14626 14250 14095 14086 14098 14620 14762 14751 14491 14815 14534 14161 14475 14025 14145 14941 14862 14416 14718 14007 14481 14505 14170 14561 14111 14591 14483 14997 14216 14643 14885 14223 14699 14581 14864 14579 14544 14194 14022 14741 14079 14892 14557 14969 14215 14067 14628 14702 14088 14963 14496 14640 14971 14253 14693 14644 14471 14537 14976 14318 14682 14429 14534 14454 14287 14109 14938 14711 14498 14502 14273 14501 14553 14434 14726 14372 14777 14141 14711 14488
0 0 0 0 0 0 0 0 0 0 0 0 0 0 0 0 0 0 0 0 0 0 0 0 0 0 0 0 0 0 0 0 0 0 0 0 0 0 0 0 0 0 0 0 0 0 0 0 0 0 0 0 0 0 0 0 0 0 0 0 0 0 0 0 0 0 0 0 0 0 0 0 0 0 0 0 0 0 0 0 0 0 0 0 0 0 0 0 0 0 0 0 0 0 0 0 0 0 0 14572
14622 14950 14848 14565 14792 14830 14399 14941 14667 14047 14775 14630 14686 14572 14396 14826 14296 14429 14639 14103 14970 14574 14507 14325 14747 14693 14252 14879 14013 14289 14625 14974 14074 14568 14014 14699 14694 14075 14057 14089 14839 14859 14029 14813 14865 14063 14206 14642 14812 14794 14944 14805 14382 14767 14896 14162 14393 14379 14629 14412 14324 14271 14983 14802 14146 14586 14938 14453 14014 14093 14605 14591 14195 14742 14200 14478 14892 14306 14083 14472 14612 14874 14394 14816 14807 14757 14211 14094 14404 14479 14776 14452 14545 14021 14069 14566 14874 14410 14769 14715
14393 0 0 0 0 0 0 0 0 0 0 0 0 0 0 0 0 0 0 0 0 0 0 0 0 0 0 0 0 0 0 0 0 0 0 0 0 0 0 0 0 0 0 0 0 0 0 0 0 0 0 0 0 0 0 0 0 0 0 0 0 0 0 0 0 0 0 0 0 0 0 0 0 0 0 0 0 0 0 0 0 0 0 0 0 0 0 0 0 0 0 0 0 0 0 0 0 0 0 0
14310 14105 14396 14752 14568 14020 14259 14185 14151 14339 14715 14946 14804 14892 14776 14205 14569 14821 14207 14276 14376 14914 14813 14358 14304 14490 14375 14412 14521 14389 14378 14994 14475 14102 14353 14139 14799 14353 14064 14609 14683 14674 14367 14683 14176 14215 14699 14492 14554 14482 14125 14481 14476 14460 14250 14431 14731 14205 14859 14174 14615 14959 14522 14265 14034 14868 14293 14887 14428 14844 14990 14996 14522 14319 14497 14267 14968 14760 14468 14390 14178 14910 14616 14823 14170 14420 14824 14043 14282 14544 14646 14885 14409 14961 14976 14318 14208 14795 14127 14253
0 0 0 0 0 0 0 0 0 0 0 0 0 0 0 0 0 0 0 0 0 0 0 0 0 0 0 0 0 0 0 0 0 0 0 0 0 0 0 0 0 0 0 0 0 0 0 0 0 0 0 0 0 0 0 0 0 0 0 0 0 0 0 0 0 0 0 0 0 0 0 0 0 0 0 0 0 0 0 0 0 0 0 0 0 0 0 0 0 0 0 0 0 0 0 0 0 0 0 14395
14185 14940 14182 14156 14942 14642 14481 14660 14499 14675 14809 14300 14676 14993 14545 14746 14967 14862 14099 14115 14733 14136 14544 14967 14152 14863 14205 14002 14511 14660 14074 14594 14546 14977 14515 14859 14285 14748 14568 14719 14366 14078 14245 14732 14707 14621 14878 14815 14594 14582 14278 14990 14747 14358 14559 14217 14841 14790 14090 14655 14511 14741 14637 14557 14357 14785 14912 14463 14762 14924 14572 14720 14189 14877 14943 14192 14307 14981 14253 14199 14464 14207 14648 14867 14016 14422 14025 14521 14756 14953 14516 14265 14519 14594 14193 14119 14140 14286 14697 14177
14702 0 0 0 0 0 0 0 0 0 0 0 0 0 0 0 0 0 0 0 0 0 0 0 0 0 0 0 0 0 0 0 0 0 0 0 0 0 0 0 0 0 0 0 0 0 0 0 0 0 0 0 0 0 0 0 0 0 0 0 0 0 0 0 0 0 0 0 0 0 0 0 0 0 0 0 0 0 0 0 0 0 0 0 0 0 0 0 0 0 0 0 0 0 0 0 0 0 0 0
14959 14746 14373 14563 14714 14420 14364 14399 14963 14348 14138 14327 14617 14841 14896 14057 14780 14051 14075 14373 14588 14654 14298 14867 14111 14141 14648 14394 14647 14576 14760 14486 14495 14506 14119 14952 14506 14217 14856 14622 14350 14799 14962 14871 14726 14887 14824 14718 14169 14960 14598 14870 14470 14374 14784 14063 14019 14822 14390 14148 14812 14688 14334 14347 14846 14681 14155 14290 14155 14547 14301 14187 14470 14636 14169 14886 14023 14821 14258 14703 14552 14355 14120 14920 14076 14938 14822 14479 14700 14459 14913 14464 14434 14203 14028 14441 14295 14963 14012 14924
0 0 0 0 0 0 0 0 0 0 0 0 0 0 0 0 0 0 0 0 0 0 0 0 0 0 0 0 0 0 0 0 0 0 0 0 0 0 0 0 0 0 0 0 0 0 0 0 0 0 0 0 0 0 0 0 0 0 0 0 0 0 0 0 0 0 0 0 0 0 0 0 0 0 0 0 0 0 0 0 0 0 0 0 0 0 0 0 0 0 0 0 0 0 0 0 0 0 0 14123
14940 14272 14558 14479 14382 14590 14952 14658 14211 14327 14899 14930 14243 14456 14539 14849 14411 14892 14926 14068 14889 14988 14746 14709 14287 14540 14239 14344 14439 14187 14104 14963 14516 14195 14926 14594 14384 14310 14725 14409 14519 14852 14473 14079 14298 14520 14076 14965 14427 14943 14443 14095 14463 14307 14334 14426 14817 14535 14606 14591 14395 14837 14294 14575 14122 14837 14284 14460 14509 14990 14723 14293 14455 14107 14033 14905 14375 14401 14903 14558 14075 14060 14697 14525 14099 14163 14433 14396 14767 14588 14744 14524 14594 14833 14491 14512 14130 14464 14718 14373
14197 0 0 0 0 0 0 0 0 0 0 0 0 0 0 0 0 0 0 0 0 0 0 0 0 0 0 0 0 0 0 0 0 0 0 0 0 0 0 0 0 0 0 0 0 0 0 0 0 0 0 0 0 0 0 0 0 0 0 0 0 0 0 0 0 0 0 0 0 0 0 0 0 0 0 0 0 0 0 0 0 0 0 0 0 0 0 0 0 0 0 0 0 0 0 0 0 0 0 0
14052 14801 14131 14842 14919 14842 14160 14277 14896 14409 14950 14903 14915 14278 14590 14052 14869 14432 14762 14984 14723 14631 14550 14701 14209 14219 14614 14699 14709 14205 14929 14451 14529 14355 14233 14364 14025 14081 14774 14665 14207 14605 14715 14869 14466 14248 14515 14670 14271 14947 14421 14587 14352 14411 14784 14314 14720 14329 14394 14931 14288 14620 14539 14483 14147 14129 14243 14406 14965 14202 14088 14364 14016 14745 14543 14177 14721 14464 14454 14166 14543 14188 14129 14234 14652 14331 14184 14857 14231 14316 14642 14577 14031 14114 14633 14214 14219 14707 14128 14291
0 0 0 0 0 0 0 0 0 0 0 0 0 0 0 0 0 0 0 0 0 0 0 0 0 0 0 0 0 0 0 0 0 0 0 0 0 0 0 0 0 0 0 0 0 0 0 0 0 0 0 0 0 0 0 0 0 0 0 0 0 0 0 0 0 0 0 0 0 0 0 0 0 0 0 0 0 0 0 0 0 0 0 0 0 0 0 0 0 0 0 0 0 0 0 0 0 0 0 14626
14814 14255 14471 14920 14402 14671 14543 14522 14957 14766 14593 14688 14172 14846 14030 14177 14469 14028 14096 14780 14435 14141 14432 14409 14174 14676 14626 14010 14666 14287 14169 14718 14860 14045 14438 14094 14347 14267 14486 14268 14946 14293 14884 14961 14726 14706 14383 14887 14600 14048 14172 14985 14532 14743 14149 14477 14532 14320 14534 14762 14942 14088 14553 14374 14968 14784 14192 14767 14567 14311 14669 14987 14777 14490 14604 14526 14813 14347 14828 14892 14161 14720 14922 14408 14292 14362 14159 14035 14260 14079 14331 14899 14150 14664 14130 14152 14987 14254 14374 14292
14106 0 0 0 0 0 0 0 0 0 0 0 0 0 0 0 0 0 0 0 0 0 0 0 0 0 0 0 0 0 0 0 0 0 0 0 0 0 0 0 0 0 0 0 0 0 0 0 0 0 0 0 0 0 0 0 0 0 0 0 0 0 0 0 0 0 0 0 0 0 0 0 0 0 0 0 0 0 0 0 0 0 0 0 0 0 0 0 0 0 0 0 0 0 0 0 0 0 0 0
14974 14151 14760 14595 14880 14866 14672 14091 14726 14040 14230 14634 14757 14150 14458 14292 14888 14698 14735 14192 14699 14036 14392 14486 14112 14298 14787 14800 14614 14259 14856 14063 14432 14255 14930 14200 14921 14869 14094 14585 14270 14791 14645 14675 14522 14617 14282 14170 14292 14554 14920 14323 14610 14353 14894 14433 14918 14520 14705 14816 14769 14013 14207 14127 14184 14203 14983 14802 14676 14504 14258 14795 14849 14208 14424 14309 14805 14668 14938 14125 14469 14539 14530 14747 14622 14359 14284 14987 14234 14829 14570 14495 14400 14740 14818 14612 14959 14295 14864 14035
0 0 0 0 0 0 0 0 0 0 0 0 0 0 0 0 0 0 0 0 0 0 0 0 0 0 0 0 0 0 0 0 0 0 0 0 0 0 0 0 0 0 0 0 0 0 0 0 0 0 0 0 0 0 0 0 0 0 0 0 0 0 0 0 0 0 0 0 0 0 0 0 0 0 0 0 0 0 0 0 0 0 0 0 0 0 0 0 0 0 0 0 0 0 0 0 0 0 0 14853
14898 14239 14371 14686 14541 14532 14171 14559 14250 14318 14068 14028 14930 14387 14608 14525 14284 14448 14588 14243 14101 14476 14557 14357 14286 14288 14073 14039 14934 14810 14860 14355 14998 14483 14438 14674 14044 14890 14170 14652 14514 14849 14999 14133 14997 14894 14819 14839 14861 14050 14818 14375 14147 14703 14457 14024 14017 14891 14938 14135 14057 14438 14806 14741 14895 14226 14737 14565 14725 14765 14592 14609 14215 14928 14936 14562 14454 14855 14444 14109 14997 14387 14291 14184 14076 14206 14669 14867 14329 14570 14122 14077 14336 14523 14476 14987 14324 14259 14533 14689
14619 0 0 0 0 0 0 0 0 0 0 0 0 0 0 0 0 0 0 0 0 0 0 0 0 0 0 0 0 0 0 0 0 0 0 0 0 0 0 0 0 0 0 0 0 0 0 0 0 0 0 0 0 0 0 0 0 0 0 0 0 0 0 0 0 0 0 0 0 0 0 0 0 0 0 0 0 0 0 0 0 0 0 0 0 0 0 0 0 0 0 0 0 0 0 0 0 0 0 0
14992 14350 14290 14190 14289 14055 14182 14692 14817 14651 14868 14109 14512 14004 14910 14582 14511 14093 14036 14523 14846 14986 14096 14896 14899 14490 14226 14048 14005 14651 14105 14705 14593 14914 14291 14466 14140 14298 14384 14646 14966 14600 14693 14976 14651 14093 14451 14458 14587 14382 14930 14478 14976 14093 14962 14650 14555 14932 14216 14240 14779 14596 14712 14824 14791 14057 14868 14177 14978 14560 14503 14165 14257 14671 14836 14260 14150 14433 14905 14193 14798 14435 14794 14810 14412 14211 14579 14749 14617 14245 14157 14048 14316 14446 14788 14741 14230 14218 14623 14950
0 0 0 0 0 0 0 0 0 0 0 0 0 0 0 0 0 0 0 0 0 0 0 0 0 0 0 0 0 0 0 0 0 0 0 0 0 0 0 0 0 0 0 0 0 0 0 0 0 0 0 0 0 0 0 0 0 0 0 0 0 0 0 0 0 0 0 0 0 0 0 0 0 0 0 0 0 0 0 0 0 0 0 0 0 0 0 0 0 0 0 0 0 0 0 0 0 0 0 14390
14000 14570 14677 14063 14229 14107 14631 14135 14905 14919 14216 14202 14565 14474 14079 14390 14804 14995 14605 14028 14891 14266 14421 14917 14242 14496 14888 14523 14461 14942 14216 14805 14377 14330 14961 14289 14701 14673 14466 14861 14779 14828 14062 14950 14475 14176 14555 14863 14662 14959 14032 14840 14819 14796 14875 14031 14517 14842 14290 14271 14380 14504 14370 14025 14174 14833 14620 14922 14808 14843 14028 14374 14083 14855 14291 14546 14681 14369 14921 14502 14403 14041 14840 14106 14009 14298 14856 14790 14127 14274 14436 14567 14009 14402 14453 14491 14602 14640 14725 14225
14739 0 0 0 0 0 0 0 0 0 0 0 0 0 0 0 0 0 0 0 0 0 0 0 0 0 0 0 0 0 0 0 0 0 0 0 0 0 0 0 0 0 0 0 0 0 0 0 0 0 0 0 0 0 0 0 0 0 0 0 0 0 0 0 0 0 0 0 0 0 0 0 0 0 0 0 0 0 0 0 0 0 0 0 0 0 0 0 0 0 0 0 0 0 0 0 0 0 0 0
14014 14357 14401 14837 14104 14695 14891 14350 14222 14480 14947 14860 14434 14969 14013 14618 14793 14605 14809 14702 14052 14150 14656 14328 14248 14174 14414 14064 14473 14609 14968 14829 14978 14122 14486 14567 14093 14064 14455 14209 14191 14207 14367 14479 14791 14157 14337 14921 14714 14971 14499 14309 14831 14090 14776 14375 14326 14390 14804 14559 14897 14557 14923 14676 14178 14822 14570 14135 14332 14308 14850 14508 14074 14401 14751 14791 14948 14260 14555 14263 14778 14852 14336 14013 14460 14182 14074 14173 14459 14449 14712 14802 14145 14170 14801 14673 14255 14901 14806 14510
0 0 0 0 0 0 0 0 0 0 0 0 0 0 0 0 0 0 0 0 0 0 0 0 0 0 0 0 0 0 0 0 0 0 0 0 0 0 0 0 0 0 0 0 0 0 0 0 0 0 0 0 0 0 0 0 0 0 0 0 0 0 0 0 0 0 0 0 0 0 0 0 0 0 0 0 0 0 0 0 0 0 0 0 0 0 0 0 0 0 0 0 0 0 0 0 0 0 0 14396
14332 14913 14454 14341 14694 14939 14947 14357 14207 14225 14919 14265 14116 14677 14669 14141 14201 14516 14682 14666 14711 14412 14170 14481 14900 14522 14458 14039 14902 14711 14426 14004 14781 14504 14948 14516 14512 14310 14797 14818 14711 14178 14071 14064 14452 14658 14576 14241 14764 14685 14144 14946 14579 14263 14486 14388 14996 14941 14235 14811 14825 14819 14691 14676 14870 14794 14961 14375 14279 14506 14829 14549 14272 14082 14541 14629 14382 14685 14073 14217 14491 14167 14655 14636 14618 14027 14701 14187 14009 14521 14851 14335 14767 14183 14968 14023 14635 14677 14913 14840
14586 0 0 0 0 0 0 0 0 0 0 0 0 0 0 0 0 0 0 0 0 0 0 0 0 0 0 0 0 0 0 0 0 0 0 0 0 0 0 0 0 0 0 0 0 0 0 0 0 0 0 0 0 0 0 0 0 0 0 0 0 0 0 0 0 0 0 0 0 0 0 0 0 0 0 0 0 0 0 0 0 0 0 0 0 0 0 0 0 0 0 0 0 0 0 0 0 0 0 0
14566 14893 14417 14371 14974 14055 14734 14957 14844 14851 14699 14393 14968 14220 14000 14505 14304 14711 14949 14757 14417 14512 14158 14140 14893 14968 14855 14490 14322 14061 14388 14727 14017 14175 14489 14396 14243 14589 14323 14101 14206 14381 14592 14494 14815 14643 14497 14375 14867 14343 14936 14521 14643 14554 14728 14065 14285 14015 14022 14953 14673 14589 14104 14821 14564 14488 14443 14891 14923 14396 14985 14236 14036 14311 14972 14169 14130 14712 14963 14095 14876 14613 14534 14347 14432 14708 14694 14511 14057 14009 14968 14389 14360 14012 14978 14547 14202 14245 14444 14245
0 0 0 0 0 0 0 0 0 0 0 0 0 0 0 0 0 0 0 0 0 0 0 0 0 0 0 0 0 0 0 0 0 0 0 0 0 0 0 0 0 0 0 0 0 0 0 0 0 0 0 0 0 0 0 0 0 0 0 0 0 0 0 0 0 0 0 0 0 0 0 0 0 0 0 0 0 0 0 0 0 0 0 0 0 0 0 0 0 0 0 0 0 0 0 0 0 0 0 14122
14312 14714 14357 14852 14466 14748 14252 14398 14250 14137 14283 14888 14118 14613 14516 14523 14411 14871 14662 14654 14213 14012 14988 14204 14408 14025 14386 14508 14320 14515 14591 14693 14654 14998 14754 14110 14818 14922 14636 14918 14382 14662 14907 14561 14430 14519 14063 14371 14668 14707 14991 14767 14950 14919 14973 14630 14919 14175 14875 14999 14577 14591 14563 14806 14387 14706 14571 14092 14809 14418 14500 14930 14981 14142 14309 14208 14660 14439 14900 14543 14429 14309 14211 14403 14269 14023 14673 14984 14288 14157 14307 14715 14652 14780 14599 14858 14651 14446 14770 14832
14450 0 0 0 0 0 0 0 0 0 0 0 0 0 0 0 0 0 0 0 0 0 0 0 0 0 0 0 0 0 0 0 0 0 0 0 0 0 0 0 0 0 0 0 0 0 0 0 0 0 0 0 0 0 0 0 0 0 0 0 0 0 0 0 0 0 0 0 0 0 0 0 0 0 0 0 0 0 0 0 0 0 0 0 0 0 0 0 0 0 0 0 0 0 0 0 0 0 0 0
14726 14481 14129 14045 14520 14894 14145 14628 14286 14748 14521 14661 14285 14611 14341 14728 14964 14153 14912 14205 14972 14642 14869 14690 14339 14358 14085 14868 14147 14037 14136 14774 14096 14803 14144 14499 14755 14017 14921 14069 14306 14206 14649 14155 14137 14111 14571 14451 14257 14875 14403 14352 14397 14003 14833 14751 14615 14916 14801 14306 14656 14319 14493 14325 14505 14001 14655 14364 14561 14572 14020 14082 14601 14983 14157 14142 14801 14528 14108 14925 14909 14114 14365 14023 14346 14145 14820 14195 14322 14940 14137 14178 14969 14783 14462 14378 14599 14142 14544 14284
0 0 0 0 0 0 0 0 0 0 0 0 0 0 0 0 0 0 0 0 0 0 0 0 0 0 0 0 0 0 0 0 0 0 0 0 0 0 0 0 0 0 0 0 0 0 0 0 0 0 0 0 0 0 0 0 0 0 0 0 0 0 0 0 0 0 0 0 0 0 0 0 0 0 0 0 0 0 0 0 0 0 0 0 0 0 0 0 0 0 0 0 0 0 0 0 0 0 0 14653
14529 14172 14981 14052 14578 14995 14967 14140 14506 14879 14769 14461 14301 14096 14003 14417 14155 14426 14323 14402 14808 14994 14615 14266 14672 14785 14438 14430 14710 14725 14340 14542 14257 14508 14074 14343 14623 14778 14440 14883 14440 14403 14484 14959 14820 14571 14692 14857 14748 14064 14828 14257 14122 14568 14396 14451 14762 14350 14200 14064 14409 14034 14180 14637 14969 14653 14000 14091 14236 14726 14521 14361 14582 14372 14993 14138 14821 14846 14876 14377 14756 14249 14226 14053 14690 14929 14862 14823 14920 14565 14682 14204 14597 14574 14062 14709 14445 14083 14951 14708
14522 0 0 0 0 0 0 0 0 0 0 0 0 0 0 0 0 0 0 0 0 0 0 0 0 0 0 0 0 0 0 0 0 0 0 0 0 0 0 0 0 0 0 0 0 0 0 0 0 0 0 0 0 0 0 0 0 0 0 0 0 0 0 0 0 0 0 0 0 0 0 0 0 0 0 0 0 0 0 0 0 0 0 0 0 0 0 0 0 0 0 0 0 0 0 0 0 0 0 0
14626 14476 14046 14405 14627 14695 14456 14033 14455 14250 14388 14967 14341 14383 14272 14248 14570 14066 14179 14988 14680 14531 14471 14275 14873 14909 14636 14375 14854 14982 14482 14178 14200 14222 14958 14438 14718 14956 14688 14656 14693 14541 14605 14650 14525 14405 14003 14464 14985 14066 14336 14803 14733 14447 14983 14031 14802 14806 14476 14785 14033 14662 14259 14226 14812 14196 14017 14607 14512 14564 14192 14864 14745 14026 14582 14502 14222 15000 14726 14599 14401 14009 14673 14277 14350 14917 14693 14332 14767 14782 14734 14016 14444 14597 14593 14911 14170 14335 14826 14248
0 0 0 0 0 0 0 0 0 0 0 0 0 0 0 0 0 0 0 0 0 0 0 0 0 0 0 0 0 0 0 0 0 0 0 0 0 0 0 0 0 0 0 0 0 0 0 0 0 0 0 0 0 0 0 0 0 0 0 0 0 0 0 0 0 0 0 0 0 0 0 0 0 0 0 0 0 0 0 0 0 0 0 0 0 0 0 0 0 0 0 0 0 0 0 0 0 0 0 14749
14096 14800 14444 14325 14871 14568 14936 14055 14915 14176 14405 14649 14983 14283 14009 14831 14253 14675 14586 14899 14116 14532 14997 14703 14993 14649 14005 14078 14606 14055 14699 14823 14177 14663 14171 14146 14613 14113 14018 14329 14619 14901 14713 14221 14751 14281 14710 14678 14250 14865 14309 14986 14411 14227 14100 14286 14447 14513 14407 14189 14742 14409 14674 14882 14489 14408 14106 14547 14193 14664 14269 14071 14393 14892 14288 14224 14662 14995 14918 14686 14107 14083 14870 14056 14973 14428 14119 14648 14942 14454 14067 14300 14314 14600 14349 14943 14175 14242 14756 14510
14345 0 0 0 0 0 0 0 0 0 0 0 0 0 0 0 0 0 0 0 0 0 0 0 0 0 0 0 0 0 0 0 0 0 0 0 0 0 0 0 0 0 0 0 0 0 0 0 0 0 0 0 0 0 0 0 0 0 0 0 0 0 0 0 0 0 0 0 0 0 0 0 0 0 0 0 0 0 0 0 0 0 0 0 0 0 0 0 0 0 0 0 0 0 0 0 0 0 0 0
14859 14554 14508 14154 14083 14865 14062 14482 14797 14408 14155 14233 14099 14805 14210 14470 14227 14505 14065 14884 14938 14443 14814 14950 14002 14015 14122 14131 14949 14195 14020 14160 14003 14711 14107 14025 14722 14261 14635 14209 14374 14361 14801 14757 14821 14280 14303 14049 14448 14536 14164 14515 14771 14135 14179 14818 14612 14044 14731 14455 14343 14512 14477 14380 14888 14454 14789 14125 14780 14809 14334 14073 14536 14179 14695 14883 14284 14689 14118 14452 14162 14477 14471 14645 14470 14891 14787 14746 14863 14947 14225 14926 14119 14606 14105 14637 14342 14657 14647 14806
0 0 0 0 0 0 0 0 0 0 0 0 0 0 0 0 0 0 0 0 0 0 0 0 0 0 0 0 0 0 0 0 0 0 0 0 0 0 0 0 0 0 0 0 0 0 0 0 0 0 0 0 0 0 0 0 0 0 0 0 0 0 0 0 0 0 0 0 0 0 0 0 0 0 0 0 0 0 0 0 0 0 0 0 0 0 0 0 0 0 0 0 0 0 0 0 0 0 0 14078
14566 14208 14138 14079 14991 14380 14536 14951 14563 14984 14634 14897 14870 14304 14732 14961 14920 14339 14893 14757 14663 14692 14479 14636 14226 14395 14386 14749 14072 14832 14687 14478 14912 14395 14775 14085 14511 14720 14620 14788 14696 14615 14496 14288 14117 14708 14039 14718 14176 14642 14042 14264 14129 14114 14267 14525 14999 14950 14545 14787 14548 14459 14468 14450 14743 14275 14508 14395 14650 14874 14553 14589 14784 14488 14559 14975 14461 14953 14502 14744 14196 14820 14358 14987 14928 14632 14224 14461 14408 14897 14107 14388 14982 14592 14751 14063 14348 14223 14542 14478
14773 0 0 0 0 0 0 0 0 0 0 0 0 0 0 0 0 0 0 0 0 0 0 0 0 0 0 0 0 0 0 0 0 0 0 0 0 0 0 0 0 0 0 0 0 0 0 0 0 0 0 0 0 0 0 0 0 0 0 0 0 0 0 0 0 0 0 0 0 0 0 0 0 0 0 0 0 0 0 0 0 0 0 0 0 0 0 0 0 0 0 0 0 0 0 0 0 0 0 0
14210 14563 14868 14027 14887 14424 14505 14707 14555 14051 14525 14378 14408 14541 14384 14905 14570 14850 14222 14449 14747 14391 14311 14211 14237 14036 14513 14713 14140 14256 14520 14537 14955 14164 14135 14679 14523 14266 14588 14617 14393 14245 14184 14722 14621 14553 14514 14410 14601 14380 14272 14412 14008 14314 14452 14894 14833 14794 14902 14671 14133 14713 14961 14305 14810 14414 14425 14931 14272 14647 14340 14085 14651 14694 14181 14932 14496 14441 14689 14230 14595 14311 14143 14931 14245 14526 14494 14834 14449 14345 14297 14196 14798 14036 14799 14258 14284 14323 14311 14190
0 0 0 0 0 0 0 0 0 0 0 0 0 0 0 0 0 0 0 0 0 0 0 0 0 0 0 0 0 0 0 0 0 0 0 0 0 0 0 0 0 0 0 0 0 0 0 0 0 0 0 0 0 0 0 0 0 0 0 0 0 0 0 0 0 0 0 0 0 0 0 0 0 0 0 0 0 0 0 0 0 0 0 0 0 0 0 0 0 0 0 0 0 0 0 0 0 0 0 14853
14309 14800 14590 14082 14104 14911 14910 14801 14011 14999 14390 14518 14595 14447 14720 14966 14262 14802 14528 14360 14098 14608 14780 14176 14658 14500 14747 14929 14361 14746 14797 14444 14139 14468 14890 14198 14663 14023 14361 14966 14698 14501 14624 14503 14026 14058 14708 14194 14353 14730 14173 14473 14448 14090 14458 14063 14873 14227 14567 14185 14199 14901 14963 14443 14532 14391 14148 14138 14361 14665 14160 14990 14481 14044 14937 14028 14096 14533 14851 14025 14114 14538 14624 14792 14711 14263 14287 14467 14582 14585 14129 14965 14335 14301 14717 14933 14657 14704 14027 14502
14197 0 0 0 0 0 0 0 0 0 0 0 0 0 0 0 0 0 0 0 0 0 0 0 0 0 0 0 0 0 0 0 0 0 0 0 0 0 0 0 0 0 0 0 0 0 0 0 0 0 0 0 0 0 0 0 0 0 0 0 0 0 0 0 0 0 0 0 0 0 0 0 0 0 0 0 0 0 0 0 0 0 0 0 0 0 0 0 0 0 0 0 0 0 0 0 0 0 0 0
14379 14616 14876 14330 14557 14306 14494 14535 14800 14731 14816 14208 14692 14937 14031 14665 14350 14791 14552 14287 14705 14875 14062 14682 14098 14761 14408 14199 14174 14679 14869 14732 14165 14953 14964 14986 14430 14368 14663 14012 14974 14361 14012 14464 14249 14548 14744 14319 14830 14114 14969 14058 14221 14344 14309 14938 14701 14341 14295 14033 14933 14010 14620 14108 14210 14810 14871 14919 14895 14116 14283 14517 14697 14295 14751 14271 14872 14396 14467 14470 14729 14545 14622 14840 14026 14713 14972 14366 14092 14681 14815 14886 14010 14210 14033 14412 14820 14670 14942 14350
0 0 0 0 0 0 0 0 0 0 0 0 0 0 0 0 0 0 0 0 0 0 0 0 0 0 0 0 0 0 0 0 0 0 0 0 0 0 0 0 0 0 0 0 0 0 0 0 0 0 0 0 0 0 0 0 0 0 0 0 0 0 0 0 0 0 0 0 0 0 0 0 0 0 0 0 0 0 0 0 0 0 0 0 0 0 0 0 0 0 0 0 0 0 0 0 0 0 0 14460
14496 14480 14624 14312 14223 14787 14402 14273 14507 14235 14569 14226 14970 14935 14171 14229 14174 14006 14245 14912 14935 14448 14900 14707 14782 14608 14313 14912 14263 14720 14982 14728 14245 14662 14384 14579 14845 14462 14964 14151 14010 14415 14107 14022 14727 14683 14099 14426 14410 14312 14342 14746 14739 14184 14458 14979 14992 14699 14436 14615 14602 14145 14443 14621 14973 14479 14997 14992 14579 14888 14320 14096 14137 14482 14583 14027 14885 14640 14364 14871 14384 14118 14800 14112 14282 14732 14217 14073 14959 14770 14732 14436 14901 14574 14072 14808 14362 14815 14297 14308
14433 0 0 0 0 0 0 0 0 0 0 0 0 0 0 0 0 0 0 0 0 0 0 0 0 0 0 0 0 0 0 0 0 0 0 0 0 0 0 0 0 0 0 0 0 0 0 0 0 0 0 0 0 0 0 0 0 0 0 0 0 0 0 0 0 0 0 0 0 0 0 0 0 0 0 0 0 0 0 0 0 0 0 0 0 0 0 0 0 0 0 0 0 0 0 0 0 0 0 0
14747 14566 14550 14099 14638 14519 14144 14605 14713 14905 14616 14601 14524 14501 14351 14985 14433 14701 14524 14602 14849 14820 14607 14513 14230 14984 14385 14899 14236 14999 14133 14195 14840 14513 14904 14706 14899 14079 14451 14681 14117 14111 14770 14797 14104 14503 14869 14050 15000 14179 14462 14544 14665 14626 14922 14813 14982 14016 14093 14669 14262 14569 14912 14382 14107 14832 14418 14591 14558 14000 14345 14878 14305 14385 14044 14764 14343 14453 14830 14811 14593 14862 14623 14205 14183 14895 14419 14253 14807 14942 14712 14983 14062 14546 14529 14975 14391 14626 14726 14548
0 0 0 0 0 0 0 0 0 0 0 0 0 0 0 0 0 0 0 0 0 0 0 0 0 0 0 0 0 0 0 0 0 0 0 0 0 0 0 0 0 0 0 0 0 0 0 0 0 0 0 0 0 0 0 0 0 0 0 0 0 0 0 0 0 0 0 0 0 0 0 0 0 0 0 0 0 0 0 0 0 0 0 0 0 0 0 0 0 0 0 0 0 0 0 0 0 0 0 14496
14663 14615 14601 14696 14374 14522 14815 14962 14307 14200 14329 14385 14405 14947 14576 14429 14547 14497 14438 14228 14032 14874 14208 14826 14726 14438 14799 14194 14137 14000 14068 14490 14124 14401 14437 14403 14957 14604 14532 14970 14907 14678 14166 14817 14752 14086 14299 14860 14947 14100 14107 14068 14023 14033 14595 14400 14924 14735 14029 14626 14480 14663 14863 14662 14602 14657 14511 14973 14749 14417 14243 14293 14557 14285 14385 14020 14892 14890 14108 14207 14757 14129 14642 14900 14008 14404 14518 14125 14127 14404 14265 14887 14746 14829 14737 14091 14440 14803 14422 14947
14619 0 0 0 0 0 0 0 0 0 0 0 0 0 0 0 0 0 0 0 0 0 0 0 0 0 0 0 0 0 0 0 0 0 0 0 0 0 0 0 0 0 0 0 0 0 0 0 0 0 0 0 0 0 0 0 0 0 0 0 0 0 0 0 0 0 0 0 0 0 0 0 0 0 0 0 0 0 0 0 0 0 0 0 0 0 0 0 0 0 0 0 0 0 0 0 0 0 0 0
14544 14659 14184 14275 14609 14661 14596 14208 14535 14443 14765 14110 14107 14562 14847 14174 14416 14684 14010 14239 14802 14912 14444 14988 14326 14811 14386 14198 14491 14627 14220 14764 14595 14939 14576 14329 14915 14100 14119 14345 14724 14766 14622 14319 14675 14535 14403 14385 14698 14049 14180 14458 14438 14621 14562 14804 14551 14078 14634 14621 14665 14025 14724 14931 14209 14520 14653 14646 14967 14273 14508 14344 14250 14012 14455 14285 14493 14228 14465 14420 14245 14778 14413 14557 14952 14220 14670 14660 14590 14594 14690 14000 14138 14717 14028 14267 14027 14587 14170 14235
0 0 0 0 0 0 0 0 0 0 0 0 0 0 0 0 0 0 0 0 0 0 0 0 0 0 0 0 0 0 0 0 0 0 0 0 0 0 0 0 0 0 0 0 0 0 0 0 0 0 0 0 0 0 0 0 0 0 0 0 0 0 0 0 0 0 0 0 0 0 0 0 0 0 0 0 0 0 0 0 0 0 0 0 0 0 0 0 0 0 0 0 0 0 0 0 0 0 0 14917
14200 14136 14405 14992 14032 14935 14081 14496 14823 14509 14759 14077 14889 14240 14783 14711 14140 14658 14233 14047 14541 14096 14537 14326 14581 14934 14486 14652 14438 14867 14345 14249 14433 14031 14721 14105 14094 14808 14851 14541 14750 14679 14351 14770 14639 14986 14474 14312 14825 14454 14578 14835 14480 14864 14108 14556 14817 14254 14382 14689 14219 14848 14112 14748 14520 14491 14378 14619 14664 14086 14107 14004 14558 14358 14890 14368 14361 14271 14365 14952 14030 14184 14425 14405 14303 14331 14627 14212 14606 14487 14457 14634 14317 14546 14242 14322 14586 14889 14376 14728
14503 0 0 0 0 0 0 0 0 0 0 0 0 0 0 0 0 0 0 0 0 0 0 0 0 0 0 0 0 0 0 0 0 0 0 0 0 0 0 0 0 0 0 0 0 0 0 0 0 0 0 0 0 0 0 0 0 0 0 0 0 0 0 0 0 0 0 0 0 0 0 0 0 0 0 0 0 0 0 0 0 0 0 0 0 0 0 0 0 0 0 0 0 0 0 0 0 0 0 0
14022 14808 14876 14645 14080 14497 14838 14488 14236 14251 14700 14824 14748 14742 14261 14738 14853 14657 14259 14370 14921 14994 14839 14241 14631 14804 14033 14575 14111 14653 14501 14009 14967 14196 14257 14348 14165 14841 14640 14528 14833 14555 14515 14422 14183 14792 14956 14842 14294 14720 14222 14037 14686 14514 14429 14654 14861 14777 14250 14039 14589 14613 14432 14685 14772 14674 14941 14583 14371 14207 14222 14926 14348 14315 14353 14475 14040 14166 14738 14349 14265 14388 14963 14182 14817 14429 14616 14181 14597 14561 14154 14489 14337 14487 14504 14205 14053 14799 14488 14383
0 0 0 0 0 0 0 0 0 0 0 0 0 0 0 0 0 0 0 0 0 0 0 0 0 0 0 0 0 0 0 0 0 0 0 0 0 0 0 0 0 0 0 0 0 0 0 0 0 0 0 0 0 0 0 0 0 0 0 0 0 0 0 0 0 0 0 0 0 0 0 0 0 0 0 0 0 0 0 0 0 0 0 0 0 0 0 0 0 0 0 0 0 0 0 0 0 0 0 14246
14463 14437 14485 14735 14492 14608 14499 14791 14313 14660 14965 14234 14366 14786 14857 14780 14120 14525 14115 14792 14338 14004 14446 14559 14693 14289 14215 14053 14471 14930 14511 14887 14595 14207 14115 14860 14352 14429 14768 14919 14063 14554 14527 14055 14208 14883 14073 14847 14316 14735 14732 14410 14824 14274 14233 14475 14914 14929 14820 14952 14654 14336 14807 14497 14409 14457 14120 14391 14159 14723 14262 14666 14250 14631 14920 14604 14502 14812 14940 14664 14233 14682 14084 14321 14787 14034 14920 14514 14686 14663 14925 14996 14426 14969 14600 14194 14483 14179 14757 14197
14808 0 0 0 0 0 0 0 0 0 0 0 0 0 0 0 0 0 0 0 0 0 0 0 0 0 0 0 0 0 0 0 0 0 0 0 0 0 0 0 0 0 0 0 0 0 0 0 0 0 0 0 0 0 0 0 0 0 0 0 0 0 0 0 0 0 0 0 0 0 0 0 0 0 0 0 0 0 0 0 0 0 0 0 0 0 0 0 0 0 0 0 0 0 0 0 0 0 0 0
14488 14946 14563 14250 14976 14039 14540 14840 14932 14612 14188 14879 14803 14903 14457 14440 14669 14396 14340 14495 14912 14580 14997 14519 14930 14239 14482 14085 14214 14996 14749 14330 14092 14262 14395 14892 14381 14832 14011 14460 14480 14704 14743 14349 14563 14863 14768 14764 14797 14146 14947 14422 14127 14128 14522 14579 14204 14882 14672 14061 14876 14711 14485 14265 14622 14396 14243 14942 14430 14059 14870 14061 14830 14728 14520 14817 14159 14707 14606 14938 14871 14088 14139 14256 14942 14430 14137 14436 14085 14790 14692 14785 14951 14785 14565 14631 14209 14438 14732 14842
0 0 0 0 0 0 0 0 0 0 0 0 0 0 0 0 0 0 0 0 0 0 0 0 0 0 0 0 0 0 0 0 0 0 0 0 0 0 0 0 0 0 0 0 0 0 0 0 0 0 0 0 0 0 0 0 0 0 0 0 0 0 0 0 0 0 0 0 0 0 0 0 0 0 0 0 0 0 0 0 0 0 0 0 0 0 0 0 0 0 0 0 0 0 0 0 0 0 0 14249
14783 14137 14504 14517 14033 14921 14090 14347 14172 14347 14680 14390 14570 14701 14991 14530 14494 14869 14375 14145 14720 14229 14125 14707 14199 14280 14508 14445 14441 14705 14427 14948 14227 14773 14062 14608 14217 14465 14040 14297 14760 14391 14800 14738 14621 14915 14022 14296 14043 14535 14394 14178 14500 14940 14427 14246 14613 14944 14179 14220 14888 14870 14589 14332 14383 14701 14106 14999 14891 14681 14770 14915 14983 14971 14867 14841 14767 14020 14425 14764 14613 14994 14555 14063 14481 14342 14557 14635 14032 14648 14715 14784 14826 14914 14369 14481 14343 14854 14526 14245
14636 0 0 0 0 0 0 0 0 0 0 0 0 0 0 0 0 0 0 0 0 0 0 0 0 0 0 0 0 0 0 0 0 0 0 0 0 0 0 0 0 0 0 0 0 0 0 0 0 0 0 0 0 0 0 0 0 0 0 0 0 0 0 0 0 0 0 0 0 0 0 0 0 0 0 0 0 0 0 0 0 0 0 0 0 0 0 0 0 0 0 0 0 0 0 0 0 0 0 0
14487 14302 14581 14900 14561 14367 14230 14595 14490 14691 14253 14735 14717 14131 14726 14883 14607 14839 14861 14162 14664 14952 14763 14176 14383 14966 14599 14353 14347 14238 14485 14964 14239 14548 14985 14012 14014 14526 14141 14456 14128 14122 14623 14472 14609 14332 14779 14995 14380 14242 14101 14817 14036 14417 14073 14936 14596 14261 14273 14323 14925 14190 14665 14517 14931 14084 14786 14281 14248 14796 14835 14556 14671 14676 14695 14717 14187 14533 14461 14046 14815 14985 14960 14118 14834 14984 14053 14910 14224 14721 14755 14134 14842 14196 14581 14103 14881 14562 14103 14206
0 0 0 0 0 0 0 0 0 0 0 0 0 0 0 0 0 0 0 0 0 0 0 0 0 0 0 0 0 0 0 0 0 0 0 0 0 0 0 0 0 0 0 0 0 0 0 0 0 0 0 0 0 0 0 0 0 0 0 0 0 0 0 0 0 0 0 0 0 0 0 0 0 0 0 0 0 0 0 0 0 0 0 0 0 0 0 0 0 0 0 0 0 0 0 0 0 0 0 14414
14420 14957 14578 14315 14405 14550 14016 14329 14783 14895 14003 14584 14885 14750 14482 14420 14507 14287 14413 14136 14790 14210 14069 14975 14575 14251 14300 14009 14714 14391 14567 14231 14524 14977 14318 14659 14259 14820 14137 14235 14869 14557 14046 14626 14491 14522 14563 14577 14593 14735 14165 14704 14024 14346 14562 14474 14150 14181 14028 14609 14486 14037 14697 14572 14323 14551 14787 14526 14017 14495 14594 14151 14543 14353 14848 14779 14411 14894 14864 14328 14619 14068 14969 14931 14589 14188 14812 14636 14936 14286 14232 14595 14183 14508 14856 14949 14176 14463 14722 14899
14646 0 0 0 0 0 0 0 0 0 0 0 0 0 0 0 0 0 0 0 0 0 0 0 0 0 0 0 0 0 0 0 0 0 0 0 0 0 0 0 0 0 0 0 0 0 0 0 0 0 0 0 0 0 0 0 0 0 0 0 0 0 0 0 0 0 0 0 0 0 0 0 0 0 0 0 0 0 0 0 0 0 0 0 0 0 0 0 0 0 0 0 0 0 0 0 0 0 0 0
14917 14904 14394 14638 14006 14667 14409 14290 14855 14000 14153 14589 14460 14727 14091 14153 14130 14879 14476 14967 14603 14765 14510 14718 14608 14826 14035 14803 14462 14596 14677 14467 14867 14951 14082 14677 14269 14872 14100 14099 14238 14870 14129 14461 14607 14570 14007 14091 14258 14085 14116 14611 14397 14725 14476 14986 14354 14650 14305 14375 14395 14982 14919 14676 14186 14089 14955 14418 14451 14448 14073 14988 14998 14120 14274 14955 14827 14397 14674 14945 14518 14290 14665 14286 14160 14521 14763 14748 14787 14137 14869 14591 14306 14104 14870 14775 14278 14281 14651 14157
0 0 0 0 0 0 0 0 0 0 0 0 0 0 0 0 0 0 0 0 0 0 0 0 0 0 0 0 0 0 0 0 0 0 0 0 0 0 0 0 0 0 0 0 0 0 0 0 0 0 0 0 0 0 0 0 0 0 0 0 0 0 0 0 0 0 0 0 0 0 0 0 0 0 0 0 0 0 0 0 0 0 0 0 0 0 0 0 0 0 0 0 0 0 0 0 0 0 0 14617
14527 14540 14746 14002 14307 14691 14399 14158 14435 14968 14375 14511 14530 14390 14186 14989 14942 14937 14723 14715 14451 14489 14756 14033 14241 14495 14610 14494 14667 14157 14148 14106 14942 14416 14241 14022 14543 14783 14772 14823 14450 14138 14446 14873 14190 14297 14262 14165 14084 14588 14792 14140 14325 14845 14981 14788 14093 14901 14209 14727 14014 14355 14127 14389 14996 14774 14890 14963 14355 14170 14833 14299 14648 14326 14373 14454 14954 14256 14239 14699 14594 14079 14999 14205 14551 14148 14191 14138 14823 14078 14846 14183 14292 14296 14071 14357 14086 14347 14677 14733
14796 0 0 0 0 0 0 0 0 0 0 0 0 0 0 0 0 0 0 0 0 0 0 0 0 0 0 0 0 0 0 0 0 0 0 0 0 0 0 0 0 0 0 0 0 0 0 0 0 0 0 0 0 0 0 0 0 0 0 0 0 0 0 0 0 0 0 0 0 0 0 0 0 0 0 0 0 0 0 0 0 0 0 0 0 0 0 0 0 0 0 0 0 0 0 0 0 0 0 0
14637 14598 14913 14850 14230 14488 14707 14019 14587 14775 14809 14018 14962 14748 14616 14048 14203 14081 14042 14956 14403 14625 14421 14031 14580 14064 14216 14277 14948 14957 14002 14293 14761 14319 14288 14324 14584 14319 14847 14628 14579 14943 14461 14907 14021 14317 14352 14699 14948 14833 14771 14286 14626 14085 14925 14162 14954 14098 14707 14751 14961 14618 14981 14775 14718 14269 14162 14295 14340 14803 14009 14182 14194 14707 14751 14005 14191 14322 14397 14453 14971 14744 14430 14851 14536 14074 14637 14888 14162 14764 14855 14971 14585 14950 14398 14167 14823 14345 14530 14401
0 0 0 0 0 0 0 0 0 0 0 0 0 0 0 0 0 0 0 0 0 0 0 0 0 0 0 0 0 0 0 0 0 0 0 0 0 0 0 0 0 0 0 0 0 0 0 0 0 0 0 0 0 0 0 0 0 0 0 0 0 0 0 0 0 0 0 0 0 0 0 0 0 0 0 0 0 0 0 0 0 0 0 0 0 0 0 0 0 0 0 0 0 0 0 0 0 0 0 14050
14209 14301 14363 14359 14909 14241 14331 14276 14574 14260 14998 14779 14519 14908 14275 14068 14383 14881 14282 14228 14785 14794 14631 14347 14029 14909 14658 14492 14972 14592 14298 14953 14677 14070 14532 14289 14745 14691 14893 14162 14448 14860 14303 14255 14127 14019 14890 14400 14656 14475 14533 14413 14966 14625 14261 14485 14587 14804 14372 14057 14947 14896 14407 14002 14291 14192 14748 14955 14477 14621 14576 14486 14304 14427 14350 14425 14513 14278 14726 14366 14314 14337 14816 14528 14474 14085 14983 14466 14483 14427 14247 14944 14149 14129 14814 14551 14976 14914 14757 14233
14506 0 0 0 0 0 0 0 0 0 0 0 0 0 0 0 0 0 0 0 0 0 0 0 0 0 0 0 0 0 0 0 0 0 0 0 0 0 0 0 0 0 0 0 0 0 0 0 0 0 0 0 0 0 0 0 0 0 0 0 0 0 0 0 0 0 0 0 0 0 0 0 0 0 0 0 0 0 0 0 0 0 0 0 0 0 0 0 0 0 0 0 0 0 0 0 0 0 0 0
14427 14017 14019 14678 14044 14139 14062 14461 14825 14210 14620 14348 14525 14438 14271 14655 14974 14412 14433 14461 14189 14111 14618 14331 14741 14631 14794 14846 14710 14003 14625 14292 14781 14415 14020 14360 14956 14645 14358 14864 14184 14487 14281 14659 14732 14104 14682 14816 14927 14534 14178 14672 14242 14584 14145 14582 14227 14224 14221 14016 14732 14545 14674 14568 14115 14174 14211 14567 14102 14587 14836 14475 14118 14293 14684 14345 14200 14090 14153 14081 14744 14439 14571 14913 14315 14657 14722 14180 14985 14384 14459 14711 14905 14932 14214 14862 14716 14620 14282 14647
0 0 0 0 0 0 0 0 0 0 0 0 0 0 0 0 0 0 0 0 0 0 0 0 0 0 0 0 0 0 0 0 0 0 0 0 0 0 0 0 0 0 0 0 0 0 0 0 0 0 0 0 0 0 0 0 0 0 0 0 0 0 0 0 0 0 0 0 0 0 0 0 0 0 0 0 0 0 0 0 0 0 0 0 0 0 0 0 0 0 0 0 0 0 0 0 0 0 0 14499
14707 14319 14224 14637 14596 14911 14817 14376 14763 14892 14725 14339 14116 14682 14086 14056 14981 14227 14872 14854 14881 14862 14241 14161 14184 14952 14554 14615 14325 14065 14201 14296 14483 14336 14990 14111 14893 14963 14957 14244 14978 14719 14579 14063 14613 14077 14755 14620 14901 14489 14897 14603 14073 14207 14462 14667 14683 14137 14821 14073 14355 14497 14381 14531 14539 14476 14758 14730 14400 14543 14492 14423 14476 14989 15000 14017 14995 14772 14716 14266 14761 14612 14501 14745 14576 14605 14225 14340 14613 14295 14262 14112 14884 14142 14840 14004 14133 14876 14499 14170
14859 0 0 0 0 0 0 0 0 0 0 0 0 0 0 0 0 0 0 0 0 0 0 0 0 0 0 0 0 0 0 0 0 0 0 0 0 0 0 0 0 0 0 0 0 0 0 0 0 0 0 0 0 0 0 0 0 0 0 0 0 0 0 0 0 0 0 0 0 0 0 0 0 0 0 0 0 0 0 0 0 0 0 0 0 0 0 0 0 0 0 0 0 0 0 0 0 0 0 0
14423 14116 14240 14695 14488 14357 14953 14356 14446 14701 14882 14496 14667 14231 14419 14846 14430 14386 14419 14795 14643 14227 14560 14820 14871 14851 14287 14368 14346 14746 14953 14667 14805 14296 14143 14228 14618 14300 14395 14829 14545 14440 14446 14236 14069 14257 14140 14905 14039 14561 14110 14603 14222 14875 14147 14824 14492 14469 14351 14351 14660 14602 14503 14384 14748 14226 14262 14757 14037 14644 14971 14740 14340 14887 14330 14772 14127 14534 14221 14953 14870 14981 14712 14572 14760 14228 14371 14726 14111 14346 14045 14337 14864 14354 14150 14095 14737 14988 14431 14603
0 0 0 0 0 0 0 0 0 0 0 0 0 0 0 0 0 0 0 0 0 0 0 0 0 0 0 0 0 0 0 0 0 0 0 0 0 0 0 0 0 0 0 0 0 0 0 0 0 0 0 0 0 0 0 0 0 0 0 0 0 0 0 0 0 0 0 0 0 0 0 0 0 0 0 0 0 0 0 0 0 0 0 0 0 0 0 0 0 0 0 0 0 0 0 0 0 0 0 14255
14879 14422 14217 14013 14199 14089 14117 14079 14560 14007 14786 14392 14160 14657 14157 14416 14126 14846 14840 14326 14809 14689 14530 14816 14975 14403 14533 14531 14931 14839 14163 14433 14679 14961 14562 14254 14228 14305 14603 14372 14561 14000 14083 14318 14764 14970 14819 14511 14458 14359 14589 14854 14233 14728 14265 14493 14840 14642 14209 14318 14003 14778 14041 14806 14378 14630 14752 14138 14178 14473 14515 14984 14255 14021 14010 14521 14360 14855 14526 14599 14748 14916 14331 14709 14428 14116 14615 14067 14975 14394 14195 14038 14806 14958 14676 14408 14178 14552 14628 14978
14674 0 0 0 0 0 0 0 0 0 0 0 0 0 0 0 0 0 0 0 0 0 0 0 0 0 0 0 0 0 0 0 0 0 0 0 0 0 0 0 0 0 0 0 0 0 0 0 0 0 0 0 0 0 0 0 0 0 0 0 0 0 0 0 0 0 0 0 0 0 0 0 0 0 0 0 0 0 0 0 0 0 0 0 0 0 0 0 0 0 0 0 0 0 0 0 0 0 0 0
14988 14344 14452 14166 14177 14395 14028 14572 14159 14181 14209 14357 14327 14353 14628 14449 14605 14995 14107 14668 14962 14024 14440 14770 14877 14602 14208 14685 14189 14913 14050 14142 14631 14211 14148 14743 14469 14956 14617 14232 14021 14868 14993 14830 14921 14079 14040 14982 14109 14933 14469 14794 14100 14783 14787 14817 14721 14908 14783 14273 14854 14622 14247 14209 14706 14380 14734 14238 14595 14384 14567 14790 14982 14146 14810 14560 14349 14796 14555 14017 14206 14914 14848 14278 14233 14759 14525 14273 14070 14161 14691 14246 14609 14923 14972 14826 14641 14827 14223 14552
0 0 0 0 0 0 0 0 0 0 0 0 0 0 0 0 0 0 0 0 0 0 0 0 0 0 0 0 0 0 0 0 0 0 0 0 0 0 0 0 0 0 0 0 0 0 0 0 0 0 0 0 0 0 0 0 0 0 0 0 0 0 0 0 0 0 0 0 0 0 0 0 0 0 0 0 0 0 0 0 0 0 0 0 0 0 0 0 0 0 0 0 0 0 0 0 0 0 0 14739
14826 14778 14704 14375 14663 14583 14375 14671 14166 14811 14782 14827 14060 14410 14461 14675 14440 14924 14617 14217 14728 14057 14802 14431 14158 14284 14608 14487 14764 14224 14912 14444 14885 14119 14511 14671 14888 14506 14745 14355 14279 14783 14460 14070 14317 14985 14911 14028 14601 14409 14178 14447 14431 14386 14599 14931 14680 14624 14343 14896 14129 14660 14599 14261 14740 14475 14916 14856 14605 14460 14241 14309 14197 14608 14771 14534 14114 14150 14233 14879 14741 14996 14116 14249 14334 14117 14785 14753 14709 14926 14096 14762 14233 14760 14416 14734 14817 14914 14872 14350
14415 0 0 0 0 0 0 0 0 0 0 0 0 0 0 0 0 0 0 0 0 0 0 0 0 0 0 0 0 0 0 0 0 0 0 0 0 0 0 0 0 0 0 0 0 0 0 0 0 0 0 0 0 0 0 0 0 0 0 0 0 0 0 0 0 0 0 0 0 0 0 0 0 0 0 0 0 0 0 0 0 0 0 0 0 0 0 0 0 0 0 0 0 0 0 0 0 0 0 0
14953 14875 14134 14529 14903 14339 14583 14010 14232 14342 14115 14346 14230 14476 14264 14201 14367 14934 14572 14465 14672 14314 14425 14494 14485 14808 14909 14155 14185 14352 14821 14915 14757 14459 14233 14406 14962 14685 14672 14351 14748 14907 14639 14594 14456 14995 14568 14457 14687 14613 14519 14657 14582 14738 14984 14019 14946 14767 14144 14847 14088 14983 14146 14518 14827 14878 14341 14893 14777 14191 14565 14519 14796 14163 14188 14949 14487 14098 14020 14324 14359 14779 14215 14428 14015 14901 14282 14312 14351 14599 14613 14749 14496 14745 14326 14271 14352 14281 14152 14445
0 0 0 0 0 0 0 0 0 0 0 0 0 0 0 0 0 0 0 0 0 0 0 0 0 0 0 0 0 0 0 0 0 0 0 0 0 0 0 0 0 0 0 0 0 0 0 0 0 0 0 0 0 0 0 0 0 0 0 0 0 0 0 0 0 0 0 0 0 0 0 0 0 0 0 0 0 0 0 0 0 0 0 0 0 0 0 0 0 0 0 0 0 0 0 0 0 0 0 14172
14986 14770 14448 14042 14446 14423 14944 14260 14682 14164 14734 14608 14888 14089 14778 14328 14495 14585 14098 14800 14160 14947 14890 14016 14492 14142 14166 14770 14434 14895 14253 14808 14377 14611 14967 14186 14098 14561 14149 14502 14904 14519 14482 14361 14454 14081 14715 14387 14507 14832 14407 14568 14986 14870 14512 14349 14928 14777 14336 14272 14950 14329 14778 14603 14332 14424 14121 14392 14622 14847 14498 14834 14870 14096 14430 14556 14278 14208 14401 14554 14808 14956 14306 14005 14129 14714 14188 14380 14334 14453 14632 14619 14901 14028 14645 14070 14246 14336 14627 14804
14718 0 0 0 0 0 0 0 0 0 0 0 0 0 0 0 0 0 0 0 0 0 0 0 0 0 0 0 0 0 0 0 0 0 0 0 0 0 0 0 0 0 0 0 0 0 0 0 0 0 0 0 0 0 0 0 0 0 0 0 0 0 0 0 0 0 0 0 0 0 0 0 0 0 0 0 0 0 0 0 0 0 0 0 0 0 0 0 0 0 0 0 0 0 0 0 0 0 0 0
14466 14119 14951 14092 14053 14212 14169 14155 14040 14015 14533 14444 14359 14724 14459 14389 14299 14730 14527 14931 14237 14521 14553 14094 14590 14441 14783 14577 14114 14560 14661 14627 14902 14554 14302 14532 14502 14382 14563 14239 14473 14146 14748 14817 14987 14619 14521 14460 14561 14533 14780 14153 14587 14950 14293 14484 14291 14394 14577 14677 14551 14047 14252 14873 14474 14359 14454 14279 14929 14760 14560 14004 14068 14392 14632 14197 14641 14380 14701 14035 14721 14523 14851 14320 14830 14824 14509 14718 14543 14554 14606 14512 14751 14330 14960 14379 14219 14163 14056 14148
0 0 0 0 0 0 0 0 0 0 0 0 0 0 0 0 0 0 0 0 0 0 0 0 0 0 0 0 0 0 0 0 0 0 0 0 0 0 0 0 0 0 0 0 0 0 0 0 0 0 0 0 0 0 0 0 0 0 0 0 0 0 0 0 0 0 0 0 0 0 0 0 0 0 0 0 0 0 0 0 0 0 0 0 0 0 0 0 0 0 0 0 0 0 0 0 0 0 0 14674
14396 14129 14908 14555 14421 14833 14967 14503 14059 14507 14814 14828 14245 14518 14429 14665 14951 14160 14271 14173 14061 14964 14983 14950 14978 14238 14029 14058 14466 14476 14023 14446 14949 14519 14677 14867 14502 14831 14930 14070 14003 14570 14536 14451 14380 14665 14164 14703 14490 14068 14575 14154 14765 14022 14207 14858 14568 14289 14393 14238 14844 14585 14886 14709 14098 14321 14714 14184 14732 14512 15000 14236 14817 14592 14305 14700 14946 14327 15000 14032 14275 14937 14059 14929 14815 14024 14345 14615 14098 14719 14474 14084 14426 14036 14938 14102 14158 14247 14948 14028
14343 0 0 0 0 0 0 0 0 0 0 0 0 0 0 0 0 0 0 0 0 0 0 0 0 0 0 0 0 0 0 0 0 0 0 0 0 0 0 0 0 0 0 0 0 0 0 0 0 0 0 0 0 0 0 0 0 0 0 0 0 0 0 0 0 0 0 0 0 0 0 0 0 0 0 0 0 0 0 0 0 0 0 0 0 0 0 0 0 0 0 0 0 0 0 0 0 0 0 0
14873 14423 14896 14982 14810 14772 14534 14849 14946 14623 14585 14492 14432 14376 14625 14987 14736 14345 14232 14282 14044 14370 14105 14813 14548 14821 14805 14440 14594 14879 14483 14359 14090 14382 14183 14394 14913 14680 14896 14101 14410 14600 14451 14001 14218 14664 14774 14897 14477 14874 14070 14104 14348 14226 14672 14774 14136 14909 14304 14891 14607 14511 14049 14185 14114 14527 14324 14453 14556 14832 14719 14536 14105 14956 14006 14053 14109 14297 14056 14749 14455 14680 14642 14158 14704 14290 14270 14132 14322 14662 14218 14379 14565 14195 14895 14924 14329 14381 14381 14844
0 0 0 0 0 0 0 0 0 0 0 0 0 0 0 0 0 0 0 0 0 0 0 0 0 0 0 0 0 0 0 0 0 0 0 0 0 0 0 0 0 0 0 0 0 0 0 0 0 0 0 0 0 0 0 0 0 0 0 0 0 0 0 0 0 0 0 0 0 0 0 0 0 0 0 0 0 0 0 0 0 0 0 0 0 0 0 0 0 0 0 0 0 0 0 0 0 0 0 14680
14463 14634 14944 14246 14653 14086 14011 14299 14263 14656 14818 14759 14552 14607 14950 14201 14050 14800 14059 14009 14490 14913 14671 14724 14025 14239 14422 14868 14085 14587 14422 14112 14775 14146 14958 14117 14141 14814 14081 14121 14898 14956 14505 14573 14718 14186 14312 14397 14633 14856 14812 14057 14755 14559 14583 14168 14453 14992 14592 14893 14258 14915 14052 14324 14406 14567 14640 14304 14848 14014 14165 14182 14600 14284 14033 14899 14349 14224 14815 14285 14095 14003 14292 14354 14331 14364 14361 14173 14371 14399 14303 14475 14968 14345 14196 14609 14986 14247 14844 14991
14804 0 0 0 0 0 0 0 0 0 0 0 0 0 0 0 0 0 0 0 0 0 0 0 0 0 0 0 0 0 0 0 0 0 0 0 0 0 0 0 0 0 0 0 0 0 0 0 0 0 0 0 0 0 0 0 0 0 0 0 0 0 0 0 0 0 0 0 0 0 0 0 0 0 0 0 0 0 0 0 0 0 0 0 0 0 0 0 0 0 0 0 0 0 0 0 0 0 0 0
14771 14074 14594 14881 14136 14038 14396 14388 14012 14599 14258 14127 14056 14251 14007 14493 14737 14654 14502 14851 14855 14111 14285 14819 14982 14915 14367 14845 14214 14595 14674 14205 14765 14842 14920 14061 14812 14676 14228 14505 14990 14929 14540 14087 14966 14700 14919 14821 14072 14487 14755 14124 14687 14156 14140 14829 14330 14531 14596 14471 14473 14094 14180 14331 14170 14297 14688 14232 14620 14336 14810 14434 14356 14955 14489 14538 14888 14673 14812 14668 14072 14445 14334 14292 14636 14231 14847 14638 14750 14725 14827 14945 14321 14368 14618 14382 14884 14295 14381 14641
